username,iteration,phase,time,gaze_x,gaze_y,speed,matrix_x,matrix_y
0903-1-my,14.0,word,1693711428.4932778,75.21432489483965,79.02029338423735,1.0,14.0,0.0
0903-1-my,14.0,word,1693711428.4943037,75.21432489483965,79.02029338423735,0.0,14.0,0.0
0903-1-my,14.0,word,1693711428.5254598,75.21432489483965,79.02029338423735,0.0,14.0,0.0
0903-1-my,14.0,word,1693711428.556751,75.21432489483965,79.02029338423735,0.0,14.0,0.0
0903-1-my,14.0,word,1693711428.5891106,75.21432489483965,79.02029338423735,0.0,14.0,0.0
0903-1-my,14.0,word,1693711428.6210885,75.35804731362532,80.13091878525651,1.0,14.0,0.0
0903-1-my,14.0,word,1693711428.6531806,75.35804731362532,80.13091878525651,0.0,14.0,0.0
0903-1-my,14.0,word,1693711428.6853151,75.35804731362532,80.13091878525651,0.0,14.0,0.0
0903-1-my,14.0,word,1693711428.7013142,81.10129695037631,82.33597607957313,6.324555320336759,14.0,0.0
0903-1-my,14.0,word,1693711428.733316,161.30755994203315,113.13028530268426,88.54377448471462,14.0,0.0
0903-1-my,14.0,word,1693711428.764981,271.8292646461177,159.05963911112084,123.36936410632909,14.0,0.0
0903-1-my,14.0,word,1693711428.7971067,354.3261049880735,194.9049725858049,93.04837451562494,14.0,0.0
0903-1-my,14.0,word,1693711428.829221,405.14894758209493,215.44911942231218,57.24508712544685,14.0,0.0
0903-1-my,14.0,word,1693711428.861572,436.07471929137625,227.31489827516828,34.785054261852174,14.0,0.0
0903-1-my,14.0,word,1693711428.8934827,456.63443425041265,234.85639239982706,23.08679276123039,14.0,0.0
0903-1-my,14.0,word,1693711428.9254916,468.08684403442453,242.37103838705605,13.892443989449804,14.0,0.0
0903-1-my,14.0,word,1693711428.957463,472.9364919009639,246.65594254679883,6.4031242374328485,14.0,0.0
0903-1-my,14.0,word,1693711428.9736118,478.68872321477573,250.9385138898877,7.211102550927978,14.0,0.0
0903-1-my,14.0,word,1693711429.004791,480.65528022600404,253.07607809986072,2.8284271247461903,14.0,0.0
0903-1-my,14.0,word,1693711429.0533082,477.93323079588237,253.06962804780395,3.0,14.0,0.0
0903-1-my,14.0,word,1693711429.069455,474.38111608459985,254.12699750790782,4.123105625617661,14.0,0.0
0903-1-my,14.0,word,1693711429.100763,471.6605368130257,254.12046426776897,3.0,14.0,0.0
0903-1-my,14.0,word,1693711429.1329324,470.7537753831697,254.11828675718075,1.0,14.0,0.0
0903-1-my,14.0,word,1693711429.1650598,468.9403999904742,254.11393209013386,2.0,14.0,0.0
0903-1-my,14.0,word,1693711429.19706,468.0337860196407,254.1117549336559,1.0,14.0,0.0
0903-1-my,14.0,word,1693711429.2288122,467.12722119382147,254.1095778951956,1.0,14.0,0.0
0903-1-my,14.0,word,1693711429.2456973,466.22070550902066,254.10740097474337,1.0,14.0,0.0
0903-1-my,14.0,word,1693711429.2769616,471.58350411100207,253.05458200668104,6.082762530298219,14.0,0.0
0903-1-my,14.0,word,1693711429.3094246,499.5043633644149,249.91886594416872,31.144823004794876,14.0,0.0
0903-1-my,14.0,word,1693711429.341424,540.1245131841875,244.66122626722307,45.27692569068709,14.0,0.0
0903-1-my,14.0,word,1693711429.372941,578.1665772536907,239.3767119350463,42.2965719651132,14.0,0.0
0903-1-my,14.0,word,1693711429.4052837,608.2681167786795,237.28514948056224,33.06055050963308,14.0,0.0
0903-1-my,14.0,word,1693711429.436731,628.3942271189217,236.24682026466704,22.02271554554524,14.0,0.0
0903-1-my,14.0,word,1693711429.4687588,642.9877394649009,234.1191831084276,16.1245154965971,14.0,0.0
0903-1-my,14.0,word,1693711429.5010962,665.9322370367752,233.08170253029004,25.019992006393608,14.0,0.0
0903-1-my,14.0,word,1693711429.517095,734.9998820354036,229.95867313994015,75.05997601918082,14.0,0.0
0903-1-my,14.0,word,1693711429.5496724,794.2307904681016,227.8885922696995,64.03124237432849,14.0,0.0
0903-1-my,14.0,word,1693711429.581828,832.3295831177884,227.94961887318604,41.0,14.0,0.0
0903-1-my,14.0,word,1693711429.613192,856.5052532710209,225.81414209342557,26.0768096208106,14.0,0.0
0903-1-my,14.0,word,1693711429.645187,871.4226593902428,225.83707824640496,16.0,14.0,0.0
0903-1-my,14.0,word,1693711429.6772287,881.696405489771,226.94096508345362,11.04536101718726,14.0,0.0
0903-1-my,14.0,word,1693711429.7094512,887.3057614631364,228.03767965421756,6.082762530298219,14.0,0.0
0903-1-my,14.0,word,1693711429.74116,884.5358222858358,231.29454054173334,4.242640687119285,14.0,0.0
0903-1-my,14.0,word,1693711429.773491,877.0758833141134,231.28187279818295,8.0,14.0,0.0
0903-1-my,14.0,word,1693711429.7894678,873.3471461884385,231.275541019082,4.0,14.0,0.0
0903-1-my,14.0,word,1693711429.821582,870.5633593531489,232.356744018877,3.1622776601683795,14.0,0.0
0903-1-my,14.0,word,1693711429.8536763,868.6999142566599,232.35351991808838,2.0,14.0,0.0
0903-1-my,14.0,word,1693711429.8848095,867.7682686419022,232.35190800080304,1.0,14.0,0.0
0903-1-my,14.0,word,1693711429.917154,866.8366743104893,232.35029617224728,1.0,14.0,0.0
0903-1-my,14.0,word,1693711429.9492471,866.8366743104893,232.35029617224728,0.0,14.0,0.0
0903-1-my,14.0,word,1693711429.98148,865.905131258187,232.3486844324137,1.0,14.0,0.0
0903-1-my,14.0,word,1693711430.012831,864.9736394807616,232.34707278129517,1.0,14.0,0.0
0903-1-my,14.0,word,1693711430.0448358,864.0554979668196,233.43084569656142,1.4142135623730951,14.0,0.0
0903-1-my,14.0,word,1693711430.076955,862.1930780138955,233.4275636427721,2.0,14.0,0.0
0903-1-my,14.0,word,1693711430.0928466,863.1242623677341,233.42920462451323,1.0,14.0,0.0
0903-1-my,14.0,word,1693711430.124847,864.9999258032656,234.5175420250463,2.23606797749979,14.0,0.0
0903-1-my,14.0,word,1693711430.1571374,867.7936329639718,234.52255480464294,3.0,14.0,0.0
0903-1-my,14.0,word,1693711430.18933,870.5878013699158,234.52756841185706,3.0,14.0,0.0
0903-1-my,14.0,word,1693711430.221481,874.3140769345534,234.534254509235,4.0,14.0,0.0
0903-1-my,14.0,word,1693711430.2528012,878.041172964709,234.5409420787833,4.0,14.0,0.0
0903-1-my,14.0,word,1693711430.284797,881.7794594560401,235.63285992080029,4.123105625617661,14.0,0.0
0903-1-my,14.0,word,1693711430.316892,878.0521580345063,235.62605252962052,4.0,14.0,0.0
0903-1-my,14.0,word,1693711430.3327775,875.2686630294191,236.7056109039677,3.1622776601683795,14.0,0.0
0903-1-my,14.0,word,1693711430.3647776,872.4865475392794,237.78463424343562,3.1622776601683795,14.0,0.0
0903-1-my,14.0,word,1693711430.3968022,868.7750353334927,238.8613335862576,4.123105625617661,14.0,0.0
0903-1-my,14.0,word,1693711430.4289842,865.0655656169881,239.93744040863336,4.123105625617661,14.0,0.0
0903-1-my,14.0,word,1693711430.5570242,886.2870898875055,322.3761581713323,80.0812087820857,14.0,0.0
0903-1-my,14.0,word,1693711430.5893152,884.6914342826448,348.6759353963005,25.079872407968907,14.0,0.0
0903-1-my,14.0,word,1693711430.6053827,883.6865420910908,339.22529610508076,9.055385138137416,14.0,0.0
0903-1-my,14.0,word,1693711430.6373591,881.7704177150752,330.7971501101438,8.246211251235321,14.0,0.0
0903-1-my,14.0,word,1693711430.669655,882.5778645404018,319.18880965607093,11.04536101718726,14.0,0.0
0903-1-my,14.0,word,1693711430.7010455,883.3782680112821,306.4764632961877,12.041594578792296,14.0,0.0
0903-1-my,14.0,word,1693711430.7330074,884.2016236995992,295.844672873128,10.04987562112089,14.0,0.0
0903-1-my,14.0,word,1693711430.765015,885.0277274981856,285.1773967749753,10.04987562112089,14.0,0.0
0903-1-my,14.0,word,1693711430.7970145,884.9593474294123,277.687105307381,7.0,14.0,0.0
0903-1-my,14.0,word,1693711430.8294964,884.9202024208505,273.39919614190177,4.0,14.0,0.0
0903-1-my,14.0,word,1693711430.8614993,883.0264367034481,269.1004221955126,4.47213595499958,14.0,0.0
0903-1-my,14.0,word,1693711430.8774002,892.2669461993592,264.826388385905,10.770329614269007,14.0,0.0
0903-1-my,14.0,word,1693711430.9094322,901.5317908270428,261.6216485604876,10.44030650891055,14.0,0.0
0903-1-my,14.0,word,1693711430.9413998,908.9621278162033,260.5634166129487,8.06225774829855,14.0,0.0
0903-1-my,14.0,word,1693711430.9735966,914.5373962720114,259.4996653348135,6.082762530298219,14.0,0.0
0903-1-my,14.0,word,1693711431.0048954,920.1123227777155,257.35628585797195,6.324555320336759,14.0,0.0
0903-1-my,14.0,word,1693711431.0369236,924.7677320055258,257.36776190333865,5.0,14.0,0.0
0903-1-my,14.0,word,1693711431.0690122,927.5615913330689,257.374649043614,3.0,14.0,0.0
0903-1-my,14.0,word,1693711431.1010568,929.4244200345394,257.3792411010771,2.0,14.0,0.0
0903-1-my,14.0,word,1693711431.1332235,942.4699542249928,257.41139963642325,14.0,14.0,0.0
0903-1-my,14.0,word,1693711431.1493075,960.1932694203219,256.37454026563177,19.026297590440446,14.0,0.0
0903-1-my,14.0,word,1693711431.1811986,977.0065631483156,255.33400984527455,18.027756377319943,14.0,0.0
0903-1-my,14.0,word,1693711431.2132227,990.1006140671419,254.28323800189037,14.0356688476182,14.0,0.0
0903-1-my,14.0,word,1693711431.2448587,1000.3916492390259,254.3076231992505,11.0,14.0,0.0
0903-1-my,14.0,word,1693711431.276834,1008.8055754413449,255.41037247350593,9.055385138137416,14.0,0.0
0903-1-my,14.0,word,1693711431.308839,1015.3480913896389,256.50874641942164,7.071067811865476,14.0,0.0
0903-1-my,14.0,word,1693711431.3413794,1019.1062460413809,255.43510865940746,4.123105625617661,14.0,0.0
0903-1-my,14.0,word,1693711431.373487,1022.8664740298773,254.3608785840591,4.123105625617661,14.0,0.0
0903-1-my,14.0,word,1693711431.4047692,1025.6913702371232,253.283864337489,3.1622776601683795,14.0,0.0
0903-1-my,14.0,word,1693711431.4210072,1027.5662355883208,253.28824718948812,2.0,14.0,0.0
0903-1-my,14.0,word,1693711431.4532008,1029.4413076875148,253.2926305247998,2.0,14.0,0.0
0903-1-my,14.0,word,1693711431.4855237,1030.3646903888268,254.3786460372557,1.4142135623730951,14.0,0.0
0903-1-my,14.0,word,1693711431.517001,1032.239761219873,254.38308912500298,2.0,14.0,0.0
0903-1-my,14.0,word,1693711431.5491152,1032.239761219873,254.38308912500298,0.0,14.0,0.0
0903-1-my,14.0,word,1693711431.581246,1033.192072266699,253.30139864568045,1.4142135623730951,14.0,0.0
0903-1-my,14.0,word,1693711431.6133058,1033.192072266699,253.30139864568045,0.0,14.0,0.0
0903-1-my,14.0,word,1693711431.646278,1034.144751472247,252.21928999018982,1.4142135623730951,14.0,0.0
0903-1-my,14.0,word,1693711431.6777332,1034.1596151876909,251.1346295603317,1.0,14.0,0.0
0903-1-my,14.0,word,1693711431.692882,1035.0977990500505,251.136762915987,1.0,14.0,0.0
0903-1-my,14.0,word,1693711431.725056,1035.112823636146,250.05171328701292,1.0,14.0,0.0
0903-1-my,14.0,word,1693711431.7571054,1036.0512152138087,250.05381718034025,1.0,14.0,0.0
0903-1-my,14.0,word,1693711431.7893836,1036.0512152138087,250.05381718034025,0.0,14.0,0.0
0903-1-my,14.0,word,1693711431.8208263,1043.5602121679665,250.0706525068315,8.0,14.0,0.0
0903-1-my,14.0,word,1693711431.8528636,1058.569227306299,251.19013508131408,16.0312195418814,14.0,0.0
0903-1-my,14.0,word,1693711431.8850915,1074.526726893036,252.31240315553646,17.029386365926403,14.0,0.0
0903-1-my,14.0,word,1693711431.9171164,1086.7068971191998,254.51215212365747,13.152946437965904,14.0,0.0
0903-1-my,14.0,word,1693711431.949196,1098.9389888277633,254.54113676567434,13.0,14.0,0.0
0903-1-my,14.0,word,1693711431.965115,1109.296083357343,254.56567849446662,11.0,14.0,0.0
0903-1-my,14.0,word,1693711431.9972322,1117.7747534334471,254.5857691889112,9.0,14.0,0.0
0903-1-my,14.0,word,1693711432.029482,1123.45927421262,253.51241528549056,6.082762530298219,14.0,0.0
0903-1-my,14.0,word,1693711432.061587,1128.1738196383744,253.5234364261987,5.0,14.0,0.0
0903-1-my,14.0,word,1693711432.0936718,1131.9463946006006,253.53225553297057,4.0,14.0,0.0
0903-1-my,14.0,word,1693711432.125647,1134.776373533245,253.5388711434274,3.0,14.0,0.0
0903-1-my,14.0,word,1693711432.1567516,1136.6313509212878,254.6304509768557,2.23606797749979,14.0,0.0
0903-1-my,14.0,word,1693711432.188761,1139.4616395171297,254.63715750781623,3.0,14.0,0.0
0903-1-my,14.0,word,1693711432.205649,1141.2506507977662,257.90141376413345,3.605551275463989,14.0,0.0
0903-1-my,14.0,word,1693711432.2373834,1162.8477614437347,261.21350255985254,23.194827009486403,14.0,0.0
0903-1-my,14.0,word,1693711432.2694995,1192.9129723245862,265.6344234225988,32.2490309931942,14.0,0.0
0903-1-my,14.0,word,1693711432.3014977,1217.4527848511746,266.78624618289075,26.019223662515376,14.0,0.0
0903-1-my,14.0,word,1693711432.332882,1237.2838611165369,267.9263145022488,21.02379604162864,14.0,0.0
0903-1-my,14.0,word,1693711432.3650155,1255.2872395698128,267.97584463360033,19.0,14.0,0.0
0903-1-my,14.0,word,1693711432.3971422,1265.7723953038897,266.91764726894814,11.04536101718726,14.0,0.0
0903-1-my,14.0,word,1693711432.4292324,1274.2586423407226,268.02803795240465,9.055385138137416,14.0,0.0
0903-1-my,14.0,word,1693711432.4611418,1281.7969125254815,269.1359706371405,8.06225774829855,14.0,0.0
0903-1-my,14.0,word,1693711432.4771416,1285.5379621530296,270.2333355083194,4.123105625617661,14.0,0.0
0903-1-my,14.0,word,1693711432.509141,1289.336014319988,270.24402554721416,4.0,14.0,0.0
0903-1-my,14.0,word,1693711432.5411708,1291.235356157168,270.2493714553854,2.0,14.0,0.0
0903-1-my,14.0,word,1693711432.5734348,1293.0768505184715,271.3413892492152,2.23606797749979,14.0,0.0
0903-1-my,14.0,word,1693711432.6047282,1295.0346715139517,270.26006504966807,2.23606797749979,14.0,0.0
0903-1-my,14.0,word,1693711432.6367936,1296.0431888930566,269.1756164494948,1.4142135623730951,14.0,0.0
0903-1-my,14.0,word,1693711432.6687925,1296.9933619018677,269.17826067594666,1.0,14.0,0.0
0903-1-my,14.0,word,1693711432.7007935,1297.0520982664802,268.0907463417711,1.0,14.0,0.0
0903-1-my,14.0,word,1693711432.7328582,1298.0024839123532,268.09336100245804,1.0,14.0,0.0
0903-1-my,14.0,word,1693711432.7649057,1298.0613998628096,267.0054544806992,1.0,14.0,0.0
0903-1-my,14.0,word,1693711432.7809944,1299.0710939108096,265.9197406202908,1.4142135623730951,14.0,0.0
0903-1-my,14.0,word,1693711432.8134303,1300.081180639423,264.83360451436573,1.4142135623730951,14.0,0.0
0903-1-my,14.0,word,1693711432.845458,1301.091660277772,263.7470459165527,1.4142135623730951,14.0,0.0
0903-1-my,14.0,word,1693711432.8776028,1302.0428974079418,263.7495420820735,1.0,14.0,0.0
0903-1-my,14.0,word,1693711432.90873,1294.4928319318644,262.64033763890365,8.06225774829855,14.0,0.0
0903-1-my,14.0,word,1693711432.9408448,1258.549783211002,259.2802555869776,38.11823710509184,14.0,0.0
0903-1-my,14.0,word,1693711432.9732022,1201.8470135696132,254.78498322536956,60.13318551349163,14.0,0.0
0903-1-my,14.0,word,1693711433.0052516,1149.9800317108804,250.30924794349096,55.14526271584895,14.0,0.0
0903-1-my,14.0,word,1693711433.0212195,1112.3727566414702,244.78179086950377,40.311288741492746,14.0,0.0
0903-1-my,14.0,word,1693711433.0535853,1084.1170424524175,243.634146194162,30.01666203960727,14.0,0.0
0903-1-my,14.0,word,1693711433.085557,1066.208109627481,244.685659339165,19.026297590440446,14.0,0.0
0903-1-my,14.0,word,1693711433.1176667,1023.9088230175299,245.68409882519333,45.0111097397076,14.0,0.0
0903-1-my,14.0,word,1693711433.148836,973.2980148618553,248.82965308407532,54.08326913195984,14.0,0.0
0903-1-my,14.0,word,1693711433.1810458,935.9403005801579,253.07405425442332,40.19950248448356,14.0,0.0
0903-1-my,14.0,word,1693711433.21337,909.863503137645,255.1727714872191,28.0713376952364,14.0,0.0
0903-1-my,14.0,word,1693711433.2454188,894.0656387059432,257.2920781990029,17.11724276862369,14.0,0.0
0903-1-my,14.0,word,1693711433.277758,883.8539526739263,258.34466804508213,11.04536101718726,14.0,0.0
0903-1-my,14.0,word,1693711433.3089027,876.4138861210555,257.24856487857204,8.06225774829855,14.0,0.0
0903-1-my,14.0,word,1693711433.3248472,871.77174525682,257.2371215410372,5.0,14.0,0.0
0903-1-my,14.0,word,1693711433.357137,868.0463565615055,256.1503226484437,4.123105625617661,14.0,0.0
0903-1-my,14.0,word,1693711433.3891716,876.4138861210555,257.24856487857204,9.055385138137416,14.0,0.0
0903-1-my,14.0,word,1693711433.4211764,885.6922985005497,256.1932598552568,10.04987562112089,14.0,0.0
0903-1-my,14.0,word,1693711433.4530945,889.4004972823474,255.1236313160017,4.123105625617661,14.0,0.0
0903-1-my,14.0,word,1693711433.485078,894.9788659373108,255.1370272947136,6.0,14.0,0.0
0903-1-my,14.0,word,1693711433.5171711,903.3498651500436,255.15712953861083,9.0,14.0,0.0
0903-1-my,14.0,word,1693711433.5491457,912.6505775481272,254.0997157036459,10.04987562112089,14.0,0.0
0903-1-my,14.0,word,1693711433.5652287,903.3498651500436,255.15712953861083,10.04987562112089,14.0,0.0
0903-1-my,14.0,word,1693711433.597195,857.0550345750514,266.8802450786054,51.19570294468082,14.0,0.0
0903-1-my,14.0,word,1693711433.629197,768.9852904524407,289.0533825673693,98.2700361249552,14.0,0.0
0903-1-my,14.0,word,1693711433.6615665,690.9552516027043,307.8331978308846,87.86353054595519,14.0,0.0
0903-1-my,14.0,word,1693711433.692732,636.9218970424813,319.1837093954419,61.0,14.0,0.0
0903-1-my,14.0,word,1693711433.7250855,603.7960858261613,326.37150414623864,37.65634076752546,14.0,0.0
0903-1-my,14.0,word,1693711433.7568169,583.1381005243633,328.367872993266,23.08679276123039,14.0,0.0
0903-1-my,14.0,word,1693711433.7892272,558.014576560069,330.3394602129413,28.0713376952364,14.0,0.0
0903-1-my,14.0,word,1693711433.8212533,535.642577819103,332.31957342192686,25.079872407968907,14.0,0.0
0903-1-my,14.0,word,1693711433.837262,523.125512197969,333.30173901241005,14.0356688476182,14.0,0.0
0903-1-my,14.0,word,1693711433.869275,514.143456641212,333.25897437428813,10.0,14.0,0.0
0903-1-my,14.0,word,1693711433.9016252,506.9612790397982,333.22477916984843,8.0,14.0,0.0
0903-1-my,14.0,word,1693711433.9327545,502.402785514837,332.1623479888054,5.0990195135927845,14.0,0.0
0903-1-my,14.0,word,1693711433.9653568,498.8132432235135,332.145369322504,4.0,14.0,0.0
0903-1-my,14.0,word,1693711433.9973338,495.0797264904086,330.04569036181414,4.47213595499958,14.0,0.0
0903-1-my,14.0,word,1693711434.0293312,493.35772720981123,331.07877835671036,2.23606797749979,14.0,0.0
0903-1-my,14.0,word,1693711434.061432,491.56353662944014,331.07034755621703,2.0,14.0,0.0
0903-1-my,14.0,word,1693711434.0934906,490.7395864030937,332.1071806305036,1.4142135623730951,14.0,0.0
0903-1-my,14.0,word,1693711434.1097252,489.8427537888345,332.1029385794425,1.0,14.0,0.0
0903-1-my,14.0,word,1693711434.140726,488.8726113649338,331.0577030499447,1.4142135623730951,14.0,0.0
0903-1-my,14.0,word,1693711434.1729395,487.90220843607733,330.0121868513115,1.4142135623730951,14.0,0.0
0903-1-my,14.0,word,1693711434.2051697,487.90220843607733,330.0121868513115,0.0,14.0,0.0
0903-1-my,14.0,word,1693711434.2369332,487.00523508895196,330.00799992266457,1.0,14.0,0.0
0903-1-my,14.0,word,1693711434.2688675,487.00523508895196,330.00799992266457,0.0,14.0,0.0
0903-1-my,14.0,word,1693711434.3008244,487.00523508895196,330.00799992266457,0.0,14.0,0.0
0903-1-my,14.0,word,1693711434.333014,487.00523508895196,330.00799992266457,0.0,14.0,0.0
0903-1-my,14.0,word,1693711434.3651502,486.9315448973241,328.966389870479,1.0,14.0,0.0
0903-1-my,14.0,word,1693711434.3812668,486.9315448973241,328.966389870479,0.0,14.0,0.0
0903-1-my,14.0,word,1693711434.4135685,486.9315448973241,328.966389870479,0.0,14.0,0.0
0903-1-my,14.0,word,1693711434.4457142,486.9315448973241,328.966389870479,0.0,14.0,0.0
0903-1-my,14.0,word,1693711434.477686,493.28505837646105,330.03731313704793,7.071067811865476,14.0,0.0
0903-1-my,14.0,word,1693711434.5090728,520.2253016221446,330.16306589945,30.0,14.0,0.0
0903-1-my,14.0,word,1693711434.5411243,556.2758051673346,331.3744268616598,40.01249804748511,14.0,0.0
0903-1-my,14.0,word,1693711434.573022,590.5304860166844,331.5353876778416,38.0,14.0,0.0
0903-1-my,14.0,word,1693711434.6055114,616.7723062466106,332.7033200041644,29.017236257093817,14.0,0.0
0903-1-my,14.0,word,1693711434.6371958,635.7091907669654,331.7476798671229,21.02379604162864,14.0,0.0
0903-1-my,14.0,word,1693711434.6532638,649.2387520197183,330.765280126937,15.033296378372908,14.0,0.0
0903-1-my,14.0,word,1693711434.6855795,659.1578464401704,329.76495629034287,11.04536101718726,14.0,0.0
0903-1-my,14.0,word,1693711434.7168548,665.5034842185737,329.79437928321363,7.0,14.0,0.0
0903-1-my,14.0,word,1693711434.7495754,669.9930929837124,328.7678927019072,5.0990195135927845,14.0,0.0
0903-1-my,14.0,word,1693711434.781386,674.4853673326737,327.7407966719452,5.0990195135927845,14.0,0.0
0903-1-my,14.0,word,1693711434.8128347,677.1646837598274,326.70484166855556,3.1622776601683795,14.0,0.0
0903-1-my,14.0,word,1693711434.845063,678.9803096400902,326.71309065040106,2.0,14.0,0.0
0903-1-my,14.0,word,1693711434.8772347,674.4853673326737,327.7407966719452,5.0990195135927845,14.0,0.0
0903-1-my,14.0,word,1693711434.9093506,670.8115354089035,326.6759772389515,4.123105625617661,14.0,0.0
0903-1-my,14.0,word,1693711434.9255383,668.9967906722283,326.6677322604294,2.0,14.0,0.0
0903-1-my,14.0,word,1693711434.9577715,668.0894917018352,326.66361010463913,1.0,14.0,0.0
0903-1-my,14.0,word,1693711434.988945,666.320108068517,327.70344493377473,2.23606797749979,14.0,0.0
0903-1-my,14.0,word,1693711435.0216875,664.5061440442232,327.69514700873714,2.0,14.0,0.0
0903-1-my,14.0,word,1693711435.0535915,660.9247295625312,328.7261274102311,4.123105625617661,14.0,0.0
0903-1-my,14.0,word,1693711435.0849469,659.1578464401704,329.76495629034287,2.23606797749979,14.0,0.0
0903-1-my,14.0,word,1693711435.117103,656.4390200690071,329.75234983347775,3.0,14.0,0.0
0903-1-my,14.0,word,1693711435.1493225,653.720633149926,329.739745414232,3.0,14.0,0.0
0903-1-my,14.0,word,1693711435.1816227,651.908619291306,329.73134359983516,2.0,14.0,0.0
0903-1-my,14.0,word,1693711435.1975129,660.0181620348772,328.7219521191164,9.055385138137416,14.0,0.0
0903-1-my,14.0,word,1693711435.229219,708.0569872706078,326.8451955011347,53.03772242470448,14.0,0.0
0903-1-my,14.0,word,1693711435.2612176,778.1749798216546,325.06001899982095,77.02596964660685,14.0,0.0
0903-1-my,14.0,word,1693711435.2935042,838.5751273999826,325.3306726008928,66.0,14.0,0.0
0903-1-my,14.0,word,1693711435.3249393,880.8001751303398,325.51988341712195,46.0,14.0,0.0
0903-1-my,14.0,word,1693711435.3569388,909.3042276175854,323.53431219626924,31.064449134018133,14.0,0.0
0903-1-my,14.0,word,1693711435.389285,928.6496506837921,321.50390525058685,21.095023109728988,14.0,0.0
0903-1-my,14.0,word,1693711435.4214668,940.6442113021816,322.6146476292188,13.038404810405298,14.0,0.0
0903-1-my,14.0,word,1693711435.453653,948.9505851934624,323.70949558428697,9.055385138137416,14.0,0.0
0903-1-my,14.0,word,1693711435.4687965,953.5666478764032,323.7298923508386,5.0,14.0,0.0
0903-1-my,14.0,word,1693711435.5010111,975.7463620391858,322.7686567577753,24.020824298928627,14.0,0.0
0903-1-my,14.0,word,1693711435.532731,1010.005385243193,321.85831123307065,37.01351104664349,14.0,0.0
0903-1-my,14.0,word,1693711435.565727,1038.7733186175,320.9217311560927,31.016124838541646,14.0,0.0
0903-1-my,14.0,word,1693711435.596726,1061.0703932615547,321.018166800835,24.0,14.0,0.0
0903-1-my,14.0,word,1693711435.629702,1075.0209135740965,321.0785032997842,15.0,14.0,0.0
0903-1-my,14.0,word,1693711435.6610534,1086.189565159981,321.1268081170654,12.0,14.0,0.0
0903-1-my,14.0,word,1693711435.6930811,1093.6394036073802,321.1590289346108,8.0,14.0,0.0
0903-1-my,14.0,word,1693711435.7250812,1128.979654251503,324.5049810762115,38.11823710509184,14.0,0.0
0903-1-my,14.0,word,1693711435.7411716,1180.1729439049207,330.0540496067393,55.22680508593631,14.0,0.0
0903-1-my,14.0,word,1693711435.7734454,1220.2867820173617,333.4308413314723,43.10452412450461,14.0,0.0
0903-1-my,14.0,word,1693711435.805477,1249.2984826255354,334.63090139390624,31.016124838541646,14.0,0.0
0903-1-my,14.0,word,1693711435.8374882,1268.9569120315095,335.78817703880276,21.02379604162864,14.0,0.0
0903-1-my,14.0,word,1693711435.8696382,1282.1086100860268,335.8503850515357,14.0,14.0,0.0
0903-1-my,14.0,word,1693711435.9010034,1290.5115553750286,336.95535551800083,9.055385138137416,14.0,0.0
0903-1-my,14.0,word,1693711435.9336593,1295.2704125730352,335.91264085860377,5.0990195135927845,14.0,0.0
0903-1-my,14.0,word,1693711435.965648,1298.150439556864,334.8604539883188,3.1622776601683795,14.0,0.0
0903-1-my,14.0,word,1693711435.9816568,1315.9124021018265,337.0762919797493,19.1049731745428,14.0,0.0
0903-1-my,14.0,word,1693711436.0136569,1344.1137803935437,338.27710430452163,30.01666203960727,14.0,0.0
0903-1-my,14.0,word,1693711436.0456293,1368.5056816698939,340.5275507502737,26.0768096208106,14.0,0.0
0903-1-my,14.0,word,1693711436.0767896,1386.4490938542988,340.61465357599707,19.0,14.0,0.0
0903-1-my,14.0,word,1693711436.108951,1398.7369707881498,340.674302699145,13.0,14.0,0.0
0903-1-my,14.0,word,1693711436.1412525,1409.0644568476505,341.7919505141134,11.04536101718726,14.0,0.0
0903-1-my,14.0,word,1693711436.1735823,1415.765468011286,340.7569642470556,7.071067811865476,14.0,0.0
0903-1-my,14.0,word,1693711436.204898,1420.6561126410297,338.6439098492697,5.385164807134504,14.0,0.0
0903-1-my,14.0,word,1693711436.2376938,1424.5242581033292,337.5934059842562,4.123105625617661,14.0,0.0
0903-1-my,14.0,word,1693711436.268952,1427.4467529728422,336.5378397821576,3.1622776601683795,14.0,0.0
0903-1-my,14.0,word,1693711436.2850862,1429.4226515066596,335.4772947193813,2.23606797749979,14.0,0.0
0903-1-my,14.0,word,1693711436.318056,1430.3706987269493,335.48174953987797,1.0,14.0,0.0
0903-1-my,14.0,word,1693711436.3491693,1432.266949899127,335.4906599173443,2.0,14.0,0.0
0903-1-my,14.0,word,1693711436.3813715,1432.266949899127,335.4906599173443,0.0,14.0,0.0
0903-1-my,14.0,word,1693711436.4128523,1437.7935604688437,337.65658271593037,6.324555320336759,14.0,0.0
0903-1-my,14.0,word,1693711436.4450486,1443.4009247007652,338.75290735343225,6.082762530298219,14.0,0.0
0903-1-my,14.0,word,1693711436.4771886,1449.0918279403656,338.78017925385143,6.0,14.0,0.0
0903-1-my,14.0,word,1693711436.5093126,1453.751345971263,339.8721084054285,5.0990195135927845,14.0,0.0
0903-1-my,14.0,word,1693711436.525202,1458.5808492564813,338.82565246495943,5.0990195135927845,14.0,0.0
0903-1-my,14.0,word,1693711436.5572326,1462.4637254728104,337.7740403148215,4.123105625617661,14.0,0.0
0903-1-my,14.0,word,1693711436.5894663,1466.2622748423264,337.79212566156076,4.0,14.0,0.0
0903-1-my,14.0,word,1693711436.620786,1468.248653689809,336.73083426460465,2.23606797749979,14.0,0.0
0903-1-my,14.0,word,1693711436.652978,1460.7358173578502,335.6244335222447,8.06225774829855,14.0,0.0
0903-1-my,14.0,word,1693711436.6849785,1359.411826999484,335.1483177978389,107.0,14.0,0.0
0903-1-my,14.0,word,1693711436.717462,939.751522823987,363.6225346165873,450.93347624677415,14.0,0.0
0903-1-my,14.0,word,1693711436.7492738,641.2198419355632,390.8207748368795,331.18574848564964,14.0,0.0
0903-1-my,14.0,word,1693711436.781487,518.0543617837861,405.3276913034812,139.8070098385628,14.0,0.0
0903-1-my,14.0,word,1693711436.7976155,468.0434661000022,412.0869964633321,57.42821606144492,14.0,0.0
0903-1-my,14.0,word,1693711436.8290706,446.2649424506127,415.9819945521865,25.317977802344327,14.0,0.0
0903-1-my,14.0,word,1693711436.8607197,436.6390398969564,416.92368209065546,11.04536101718726,14.0,0.0
0903-1-my,14.0,word,1693711436.892841,431.347806760377,416.8851839300767,6.0,14.0,0.0
0903-1-my,14.0,word,1693711436.9250002,427.7393094633595,415.8477657486498,4.123105625617661,14.0,0.0
0903-1-my,14.0,word,1693711436.9571743,426.85764865229856,415.8413776119597,1.0,14.0,0.0
0903-1-my,14.0,word,1693711436.989474,424.1304294132082,414.8102375283266,3.1622776601683795,14.0,0.0
0903-1-my,14.0,word,1693711437.0216384,436.235973501937,411.860386997387,14.317821063276352,14.0,0.0
0903-1-my,14.0,word,1693711437.0530047,450.1296504057415,408.9179733896289,16.278820596099706,14.0,0.0
0903-1-my,14.0,word,1693711437.069172,457.1246008441377,407.9525064017463,8.06225774829855,14.0,0.0
0903-1-my,14.0,word,1693711437.1011975,460.5855584041953,406.96164594729146,4.123105625617661,14.0,0.0
0903-1-my,14.0,word,1693711437.1331556,466.70364114435375,405.9886945750098,7.071067811865476,14.0,0.0
0903-1-my,14.0,word,1693711437.1653132,474.52253127111913,404.01029558975904,9.219544457292889,14.0,0.0
0903-1-my,14.0,word,1693711437.197495,482.4972366935679,404.0651743451392,9.0,14.0,0.0
0903-1-my,14.0,word,1693711437.2288694,488.62984695317226,403.0901153946196,7.071067811865476,14.0,0.0
0903-1-my,14.0,word,1693711437.2611594,485.08319253134704,403.0658165258918,4.0,14.0,0.0
0903-1-my,14.0,word,1693711437.2935257,481.4635853737237,402.02364618542697,4.123105625617661,14.0,0.0
0903-1-my,14.0,word,1693711437.3256826,478.80423389711984,402.005507269569,3.0,14.0,0.0
0903-1-my,14.0,word,1693711437.3418052,477.0315677352781,401.9934162606757,2.0,14.0,0.0
0903-1-my,14.0,word,1693711437.373152,476.2198441725293,403.00509187876105,1.4142135623730951,14.0,0.0
0903-1-my,14.0,word,1693711437.4053998,473.56175511065237,402.9868807565316,3.0,14.0,0.0
0903-1-my,14.0,word,1693711437.4374008,470.97943770013853,403.98591342702446,3.1622776601683795,14.0,0.0
0903-1-my,14.0,word,1693711437.4697795,469.2081723297928,403.97372428224435,2.0,14.0,0.0
0903-1-my,14.0,word,1693711437.5011556,466.55162595939254,403.95544298523157,3.0,14.0,0.0
0903-1-my,14.0,word,1693711437.533465,464.85712677390757,404.9599926853133,2.23606797749979,14.0,0.0
0903-1-my,14.0,word,1693711437.5656765,463.1633458760309,405.96411656305906,2.23606797749979,14.0,0.0
0903-1-my,14.0,word,1693711437.5976777,461.47028280914293,406.9678148891666,2.23606797749979,14.0,0.0
0903-1-my,14.0,word,1693711437.612851,459.7008808102509,406.95547733181667,2.0,14.0,0.0
0903-1-my,14.0,word,1693711437.6448493,457.93166604051174,406.94314107996456,2.0,14.0,0.0
0903-1-my,14.0,word,1693711437.677205,456.2402489875543,407.94631321288944,2.23606797749979,14.0,0.0
0903-1-my,14.0,word,1693711437.7094376,455.4336682316813,408.9552788156215,1.4142135623730951,14.0,0.0
0903-1-my,14.0,word,1693711437.7407632,454.5495483843254,408.9490604225813,1.0,14.0,0.0
0903-1-my,14.0,word,1693711437.7729535,453.74345173102495,409.95762655428905,1.4142135623730951,14.0,0.0
0903-1-my,14.0,word,1693711437.8053217,451.89746936036937,408.93040721646446,2.23606797749979,14.0,0.0
0903-1-my,14.0,word,1693711437.8373444,451.0135365127264,408.92419013867317,1.0,14.0,0.0
0903-1-my,14.0,word,1693711437.8687713,450.2081802949281,409.9326542335726,1.4142135623730951,14.0,0.0
0903-1-my,14.0,word,1693711437.88493,449.3244792506998,409.9264119785455,1.0,14.0,0.0
0903-1-my,14.0,word,1693711437.917077,449.3244792506998,409.9264119785455,0.0,14.0,0.0
0903-1-my,14.0,word,1693711437.9491343,448.4408249249794,409.9201700535271,1.0,14.0,0.0
0903-1-my,14.0,word,1693711437.981107,499.878418128405,399.0934828459512,60.01666435249463,14.0,0.0
0903-1-my,14.0,word,1693711438.0131028,832.8496600049408,365.1068350011752,373.64287762514624,14.0,0.0
0903-1-my,14.0,word,1693711438.045107,1158.0507656910047,349.03101884873973,353.40911137094355,14.0,0.0
0903-1-my,14.0,word,1693711438.0771067,1313.968614763259,338.13264288590716,166.3640586184408,14.0,0.0
0903-1-my,14.0,word,1693711438.1094253,1382.5213679891315,328.83897905096035,72.56031973468694,14.0,0.0
0903-1-my,14.0,word,1693711438.1414533,1411.8063506161238,330.0425588925107,31.016124838541646,14.0,0.0
0903-1-my,14.0,word,1693711438.1574533,1423.1047075109918,331.1653338089847,12.041594578792296,14.0,0.0
0903-1-my,14.0,word,1693711438.1888764,1429.7440337576386,331.19570521148034,7.0,14.0,0.0
0903-1-my,14.0,word,1693711438.2207615,1449.677396947187,331.2868897946791,21.0,14.0,0.0
0903-1-my,14.0,word,1693711438.252808,1459.9569424959386,333.47804344043993,11.180339887498947,14.0,0.0
0903-1-my,14.0,word,1693711438.284788,1464.7076702489333,333.50007127021655,5.0,14.0,0.0
0903-1-my,14.0,word,1693711438.3170223,1468.5091962229922,333.51769791004995,4.0,14.0,0.0
0903-1-my,14.0,word,1693711438.348991,1469.4597088320722,333.5221051779554,1.0,14.0,0.0
0903-1-my,14.0,word,1693711438.381063,1471.3608914193012,333.53092044344385,2.0,14.0,0.0
0903-1-my,14.0,word,1693711438.413553,1448.7276655059259,331.2825452761551,24.08318915758459,14.0,0.0
0903-1-my,14.0,word,1693711438.4297097,1294.387646642845,334.84277283632593,163.04907236779974,14.0,0.0
0903-1-my,14.0,word,1693711438.4610846,924.2142910922671,377.0847242166329,400.20994490392167,14.0,0.0
0903-1-my,14.0,word,1693711438.4929693,693.0175015815843,406.537034321441,257.75181861628056,14.0,0.0
0903-1-my,14.0,word,1693711438.5249696,590.7044394084861,416.0121181120262,115.43396380615197,14.0,0.0
0903-1-my,14.0,word,1693711438.5570853,546.4943031288656,419.75150665419346,50.15974481593781,14.0,0.0
0903-1-my,14.0,word,1693711438.5890846,527.5102517915234,427.708742540136,23.40939982143925,14.0,0.0
0903-1-my,14.0,word,1693711438.6212296,509.3283946419211,420.4914988728311,21.18962010041709,14.0,0.0
0903-1-my,14.0,word,1693711438.6534128,500.123578895723,415.35855050260034,11.180339887498947,14.0,0.0
0903-1-my,14.0,word,1693711438.6854386,493.6385499093166,411.25455474037835,8.06225774829855,14.0,0.0
0903-1-my,14.0,word,1693711438.7014143,490.7646703536815,408.1880905779796,4.242640687119285,14.0,0.0
0903-1-my,14.0,word,1693711438.7336824,490.7646703536815,408.1880905779796,0.0,14.0,0.0
0903-1-my,14.0,word,1693711438.764833,490.6924734835471,407.1715732513483,1.0,14.0,0.0
0903-1-my,14.0,word,1693711438.7972994,475.63224261776327,407.0665623707651,17.0,14.0,0.0
0903-1-my,14.0,word,1693711438.829399,462.2783891605876,405.9579728730334,15.033296378372908,14.0,0.0
0903-1-my,14.0,word,1693711438.8616738,452.4687412579868,404.8743643207058,11.04536101718726,14.0,0.0
0903-1-my,14.0,word,1693711438.8927526,445.31443613677413,403.80929707970927,8.06225774829855,14.0,0.0
0903-1-my,14.0,word,1693711438.9254167,438.9646257109556,401.73376910067253,7.280109889280518,14.0,0.0
0903-1-my,14.0,word,1693711438.941382,435.34697128722655,400.69279623003644,4.123105625617661,14.0,0.0
0903-1-my,14.0,word,1693711438.9727888,431.891959115113,401.68552782628575,4.123105625617661,14.0,0.0
0903-1-my,14.0,word,1693711439.0052395,430.0424829249814,400.6567766840296,2.23606797749979,14.0,0.0
0903-1-my,14.0,word,1693711439.0376348,429.076623584857,399.63378313423607,1.4142135623730951,14.0,0.0
0903-1-my,14.0,word,1693711439.0687342,428.11050815445066,398.61051834545805,1.4142135623730951,14.0,0.0
0903-1-my,14.0,word,1693711439.100922,427.2264072582019,398.6045687595233,1.0,14.0,0.0
0903-1-my,14.0,word,1693711439.1329305,426.25994399393676,397.5810589250722,1.4142135623730951,14.0,0.0
0903-1-my,14.0,word,1693711439.1652014,425.4583458371598,398.5926705322882,1.4142135623730951,14.0,0.0
0903-1-my,14.0,word,1693711439.1973348,425.4583458371598,398.5926705322882,0.0,14.0,0.0
0903-1-my,14.0,word,1693711439.2134764,424.4916993226313,397.5692132961882,1.4142135623730951,14.0,0.0
0903-1-my,14.0,word,1693711439.2454214,423.6076471818559,397.56329095198794,1.0,14.0,0.0
0903-1-my,14.0,word,1693711439.2775428,423.6076471818559,397.56329095198794,0.0,14.0,0.0
0903-1-my,14.0,word,1693711439.3096645,428.0283758763542,397.5929058081002,5.0,14.0,0.0
0903-1-my,14.0,word,1693711439.3408108,442.1026335709562,396.6693734798356,16.0312195418814,14.0,0.0
0903-1-my,14.0,word,1693711439.373721,459.7378464936116,395.76829313203,20.024984394500787,14.0,0.0
0903-1-my,14.0,word,1693711439.404722,478.28471994410836,394.87183290655764,21.02379604162864,14.0,0.0
0903-1-my,14.0,word,1693711439.436768,495.08130946462836,393.9624005666127,19.026297590440446,14.0,0.0
0903-1-my,14.0,word,1693711439.4698107,507.38392334946377,392.0007389384541,14.142135623730953,14.0,0.0
0903-1-my,14.0,word,1693711439.5017257,537.5184754167594,390.15136314070406,34.058772731852805,14.0,0.0
0903-1-my,14.0,word,1693711439.517701,731.1441514779373,364.531372339722,218.55205329623425,14.0,0.0
0903-1-my,14.0,word,1693711439.549817,1097.667957550183,347.665960773092,400.4047951760818,14.0,0.0
0903-1-my,14.0,word,1693711439.58081,1321.3134402711364,341.3632561832953,239.10248848558643,14.0,0.0
0903-1-my,14.0,word,1693711439.613003,1415.2861289702275,334.34106720888127,99.24716620639605,14.0,0.0
0903-1-my,14.0,word,1693711439.645195,1452.3585032643618,333.4428115486825,39.01281840626232,14.0,0.0
0903-1-my,14.0,word,1693711439.6775155,1469.2856651161292,335.66460877535695,18.110770276274835,14.0,0.0
0903-1-my,14.0,word,1693711439.7087932,1477.839758884177,335.70480398022994,9.0,14.0,0.0
0903-1-my,14.0,word,1693711439.7407367,1482.5046504372272,336.79826565053736,5.0990195135927845,14.0,0.0
0903-1-my,14.0,word,1693711439.757067,1485.4469648980707,335.7405498128724,3.1622776601683795,14.0,0.0
0903-1-my,14.0,word,1693711439.7892182,1487.5294197898197,333.605889502755,2.8284271247461903,14.0,0.0
0903-1-my,14.0,word,1693711439.8212788,1494.4652483909274,330.4181052837149,7.615773105863909,14.0,0.0
0903-1-my,14.0,word,1693711439.8535435,1506.8507116855562,330.47437649188385,13.0,14.0,0.0
0903-1-my,14.0,word,1693711439.8848176,1514.3822901953847,331.5828804243412,8.06225774829855,14.0,0.0
0903-1-my,14.0,word,1693711439.9171035,1519.0541602780597,332.67833182740225,5.0990195135927845,14.0,0.0
0903-1-my,14.0,word,1693711439.949104,1522.8683152306453,332.6958983150576,4.0,14.0,0.0
0903-1-my,14.0,word,1693711439.9812193,1525.7294849527366,332.70907573003626,3.0,14.0,0.0
0903-1-my,14.0,word,1693711440.013103,1513.3345087315365,332.6519893768375,13.0,14.0,0.0
0903-1-my,14.0,word,1693711440.02917,1401.0810437148168,334.2747601345638,118.01694793545543,14.0,0.0
0903-1-my,14.0,word,1693711440.061255,979.2124041779563,365.9349739635505,452.133829745132,14.0,0.0
0903-1-my,14.0,word,1693711440.0932066,691.5125799801674,391.1454238575232,318.06445887587,14.0,0.0
0903-1-my,14.0,word,1693711440.1254103,567.4369473014069,398.52681627148445,139.2300254973761,14.0,0.0
0903-1-my,14.0,word,1693711440.157438,516.9620427463577,402.2657742143978,57.14017850864661,14.0,0.0
0903-1-my,14.0,word,1693711440.1887832,465.43758329377187,400.89712322814194,58.00862004909271,14.0,0.0
0903-1-my,14.0,word,1693711440.2210796,438.08037864048737,401.7277378244949,31.016124838541646,14.0,0.0
0903-1-my,14.0,word,1693711440.253017,425.06994948336967,404.6849842171511,15.297058540778355,14.0,0.0
0903-1-my,14.0,word,1693711440.285017,418.1737683430915,406.6659201074209,8.246211251235321,14.0,0.0
0903-1-my,14.0,word,1693711440.3010166,414.3918332022867,403.59650000793494,5.0,14.0,0.0
0903-1-my,14.0,word,1693711440.3330176,411.65936070095245,402.5627745491594,3.1622776601683795,14.0,0.0
0903-1-my,14.0,word,1693711440.3653324,409.80915831108166,401.5349053646754,2.23606797749979,14.0,0.0
0903-1-my,14.0,word,1693711440.3976457,408.04379519369735,401.5228641684189,2.0,14.0,0.0
0903-1-my,14.0,word,1693711440.429069,408.12899966522747,402.53858730981614,1.0,14.0,0.0
0903-1-my,14.0,word,1693711440.4609592,406.3640990695605,402.5264956079497,2.0,14.0,0.0
0903-1-my,14.0,word,1693711440.493546,416.8724780104156,401.5830828857107,12.041594578792296,14.0,0.0
0903-1-my,14.0,word,1693711440.5248864,422.08890733147484,400.60276880194084,6.082762530298219,14.0,0.0
0903-1-my,14.0,word,1693711440.5569713,430.9264473636843,400.6627791475273,10.0,14.0,0.0
0903-1-my,14.0,word,1693711440.573031,444.9173205539499,398.7236203399058,16.1245154965971,14.0,0.0
0903-1-my,14.0,word,1693711440.6055052,458.1203900130569,397.79449489677177,15.033296378372908,14.0,0.0
0903-1-my,14.0,word,1693711440.6367652,473.1116593364943,396.87616138327616,17.029386365926403,14.0,0.0
0903-1-my,14.0,word,1693711440.6690116,485.45823889101877,395.9390295403455,14.0356688476182,14.0,0.0
0903-1-my,14.0,word,1693711440.7012618,495.1529676560182,394.98329322278244,11.04536101718726,14.0,0.0
0903-1-my,14.0,word,1693711440.7334373,501.37187348234056,395.0243858852695,7.0,14.0,0.0
0903-1-my,14.0,word,1693711440.765394,507.59309038806634,395.06549381867535,7.0,14.0,0.0
0903-1-my,14.0,word,1693711440.796898,512.996240479095,396.1218315524876,6.082762530298219,14.0,0.0
0903-1-my,14.0,word,1693711440.8290522,516.5528325546181,396.1454408251393,4.0,14.0,0.0
0903-1-my,14.0,word,1693711440.8450232,520.1778759041465,397.1900288462689,4.123105625617661,14.0,0.0
0903-1-my,14.0,word,1693711440.8772984,522.8459620796361,397.2078213416089,3.0,14.0,0.0
0903-1-my,14.0,word,1693711440.9092972,524.6918961589856,398.24046335852,2.23606797749979,14.0,0.0
0903-1-my,14.0,word,1693711440.9417112,525.5813069964289,398.24642160110744,1.0,14.0,0.0
0903-1-my,14.0,word,1693711440.9729366,527.3602703394929,398.2583390353304,2.0,14.0,0.0
0903-1-my,14.0,word,1693711441.0052898,529.2056745083886,399.290841578197,2.23606797749979,14.0,0.0
0903-1-my,14.0,word,1693711441.037266,530.0290695809505,398.27621755966203,1.4142135623730951,14.0,0.0
0903-1-my,14.0,word,1693711441.0694814,537.1479464064925,398.32390755093695,8.0,14.0,0.0
0903-1-my,14.0,word,1693711441.1013927,566.4849413723043,397.4988338069616,33.015148038438355,14.0,0.0
0903-1-my,14.0,word,1693711441.1176052,602.0834620470122,395.6898578240644,40.049968789001575,14.0,0.0
0903-1-my,14.0,word,1693711441.1495109,632.3548272592208,392.815077040955,34.132096331752024,14.0,0.0
0903-1-my,14.0,word,1693711441.1815095,655.5275267709892,389.88616457089154,26.1725046566048,14.0,0.0
0903-1-my,14.0,word,1693711441.2128105,672.4169512113464,385.8814082634092,19.4164878389476,14.0,0.0
0903-1-my,14.0,word,1693711441.2447991,684.1097705304544,385.9551014043648,13.0,14.0,0.0
0903-1-my,14.0,word,1693711441.2774196,714.6925016037379,385.1174053760041,34.0147027033899,14.0,0.0
0903-1-my,14.0,word,1693711441.3087778,757.9921257088992,384.3568741820323,48.010415536631214,14.0,0.0
0903-1-my,14.0,word,1693711441.3410096,795.0971561752914,384.5884560982663,41.0,14.0,0.0
0903-1-my,14.0,word,1693711441.3732505,821.4113485055224,385.7867294889092,29.017236257093817,14.0,0.0
0903-1-my,14.0,word,1693711441.389336,838.6239486918623,383.82521639558485,19.1049731745428,14.0,0.0
0903-1-my,14.0,word,1693711441.4209418,849.4832058412994,380.7849454381381,12.36931687685298,14.0,0.0
0903-1-my,14.0,word,1693711441.4528315,855.793623457575,376.6744626347225,8.06225774829855,14.0,0.0
0903-1-my,14.0,word,1693711441.4853158,861.2571127977624,376.7072226158355,6.0,14.0,0.0
0903-1-my,14.0,word,1693711441.5174754,863.9895191645508,376.7236065740344,3.0,14.0,0.0
0903-1-my,14.0,word,1693711441.5487688,866.7097893386875,375.7014681549747,3.1622776601683795,14.0,0.0
0903-1-my,14.0,word,1693711441.580913,868.532227089164,375.7123398776238,2.0,14.0,0.0
0903-1-my,14.0,word,1693711441.6130764,868.5445104366819,376.75091905123594,1.0,14.0,0.0
0903-1-my,14.0,word,1693711441.6452549,870.3668502692149,376.76184610074193,2.0,14.0,0.0
0903-1-my,14.0,word,1693711441.6612651,870.3668502692149,376.76184610074193,0.0,14.0,0.0
0903-1-my,14.0,word,1693711441.6935594,871.278093770685,376.7673100667239,1.0,14.0,0.0
0903-1-my,14.0,word,1693711441.7257054,880.4139578473693,378.8988201221331,10.198039027185567,14.0,0.0
0903-1-my,14.0,word,1693711441.7574294,901.3906268037688,379.0258862203357,23.0,14.0,0.0
0903-1-my,14.0,word,1693711441.7897017,924.220852279032,379.16418023061215,25.0,14.0,0.0
0903-1-my,14.0,word,1693711441.8216972,942.5075147543315,380.3147150328229,20.024984394500787,14.0,0.0
0903-1-my,14.0,word,1693711441.8536122,958.9770758856529,381.45491528686415,18.027756377319943,14.0,0.0
0903-1-my,14.0,word,1693711441.8856063,969.0494882386001,381.5165462491972,11.0,14.0,0.0
0903-1-my,14.0,word,1693711441.9015872,978.2114161534562,381.57260614968914,10.0,14.0,0.0
0903-1-my,14.0,word,1693711441.9335868,985.5378577063168,382.6578429035822,8.06225774829855,14.0,0.0
0903-1-my,14.0,word,1693711441.9656162,991.0388705611555,382.69167094116233,6.0,14.0,0.0
0903-1-my,14.0,word,1693711441.9976163,994.7072024981717,382.7142290543492,4.0,14.0,0.0
0903-1-my,14.0,word,1693711442.0289855,997.4589714010996,382.7311508366311,3.0,14.0,0.0
0903-1-my,14.0,word,1693711442.060985,999.2937316585336,382.7424335477567,2.0,14.0,0.0
0903-1-my,14.0,word,1693711442.0933197,1001.1286900778001,382.7537174774626,2.0,14.0,0.0
0903-1-my,14.0,word,1693711442.125318,996.5416655730389,382.7255099379743,5.0,14.0,0.0
0903-1-my,14.0,word,1693711442.1577442,991.9558792788446,382.6973100127627,5.0,14.0,0.0
0903-1-my,14.0,word,1693711442.1889446,980.0386261428989,382.6240258199108,13.0,14.0,0.0
0903-1-my,14.0,word,1693711442.2050712,963.548517996946,383.5620186687482,18.027756377319943,14.0,0.0
0903-1-my,14.0,word,1693711442.236768,947.0793264895837,385.5370154119866,18.110770276274835,14.0,0.0
0903-1-my,14.0,word,1693711442.2688336,931.5497670516994,387.5145739356727,17.11724276862369,14.0,0.0
0903-1-my,14.0,word,1693711442.301447,919.6924707774544,389.5122590948653,13.152946437965904,14.0,0.0
0903-1-my,14.0,word,1693711442.332819,915.1467950179692,392.5890244988338,5.830951894845301,14.0,0.0
0903-1-my,14.0,word,1693711442.364967,934.3006120355291,394.78262268350255,21.095023109728988,14.0,0.0
0903-1-my,14.0,word,1693711442.397106,957.1156225826104,397.00130045414534,25.079872407968907,14.0,0.0
0903-1-my,14.0,word,1693711442.4293854,994.585245021701,398.28339175813494,41.01219330881976,14.0,0.0
0903-1-my,14.0,word,1693711442.4453833,1033.9448082071196,400.6161534717677,43.04648650006177,14.0,0.0
0903-1-my,14.0,word,1693711442.4776618,1066.0031931063581,403.9393853486074,35.12833614050059,14.0,0.0
0903-1-my,14.0,word,1693711442.5097072,1089.8659510577252,405.1372355226128,26.019223662515376,14.0,0.0
0903-1-my,14.0,word,1693711442.540822,1107.3397097885925,405.255889163367,19.0,14.0,0.0
0903-1-my,14.0,word,1693711442.572865,1119.3341464639193,404.2999008018148,13.038404810405298,14.0,0.0
0903-1-my,14.0,word,1693711442.6051142,1157.0999754871598,405.5937807859404,41.01219330881976,14.0,0.0
0903-1-my,14.0,word,1693711442.6368277,1210.6216491608345,408.03663172743717,58.034472514187634,14.0,0.0
0903-1-my,14.0,word,1693711442.6688254,1252.2666009864668,409.3624213786489,45.0111097397076,14.0,0.0
0903-1-my,14.0,word,1693711442.7008762,1282.0284836001915,408.5258548346096,32.01562118716424,14.0,0.0
0903-1-my,14.0,word,1693711442.7336648,1300.6245366453468,408.65326027028436,20.0,14.0,0.0
0903-1-my,14.0,word,1693711442.7487707,1311.7918610656657,408.7297699376656,12.0,14.0,0.0
0903-1-my,14.0,word,1693711442.7807715,1320.1108341789059,409.8292984455864,9.055385138137416,14.0,0.0
0903-1-my,14.0,word,1693711442.8132608,1325.6990342098381,409.8677542187175,6.0,14.0,0.0
0903-1-my,14.0,word,1693711442.8452573,1328.4938171044134,409.88698680458583,3.0,14.0,0.0
0903-1-my,14.0,word,1693711442.8767605,1330.3572586945397,409.8998102695005,2.0,14.0,0.0
0903-1-my,14.0,word,1693711442.9096627,1332.2209027181368,409.91263512748196,2.0,14.0,0.0
0903-1-my,14.0,word,1693711442.9409838,1331.4153573854992,407.8210008455807,2.23606797749979,14.0,0.0
0903-1-my,14.0,word,1693711442.9733264,1299.7521940011693,407.6050326061512,34.0,14.0,0.0
0903-1-my,14.0,word,1693711442.9894533,1103.2474732540968,421.77381774867024,212.52999788265183,14.0,0.0
0903-1-my,14.0,word,1693711443.0214849,898.1900410084812,440.7207785595158,225.88713996153035,14.0,0.0
0903-1-my,14.0,word,1693711443.0535135,780.5141690475341,450.94031357940815,131.4610208388783,14.0,0.0
0903-1-my,14.0,word,1693711443.0847902,721.7083660751055,456.510480731133,66.27216610312357,14.0,0.0
0903-1-my,14.0,word,1693711443.117056,692.4644321697532,460.2904863112536,33.24154027718932,14.0,0.0
0903-1-my,14.0,word,1693711443.149219,678.3620412446705,463.184852572426,16.278820596099706,14.0,0.0
0903-1-my,14.0,word,1693711443.180725,648.273243170963,464.93231811544206,34.058772731852805,14.0,0.0
0903-1-my,14.0,word,1693711443.2127895,612.0650080983003,466.6215676017027,41.04875150354759,14.0,0.0
0903-1-my,14.0,word,1693711443.2454166,587.3183589796527,466.40584383652634,28.0,14.0,0.0
0903-1-my,14.0,word,1693711443.261417,573.0763890677026,464.28128834045805,16.1245154965971,14.0,0.0
0903-1-my,14.0,word,1693711443.2929173,565.1939995641155,465.21317207358345,9.055385138137416,14.0,0.0
0903-1-my,14.0,word,1693711443.3249164,560.0235125592865,467.1672404304459,6.324555320336759,14.0,0.0
0903-1-my,14.0,word,1693711443.357029,556.5588237232068,468.13584577033384,4.123105625617661,14.0,0.0
0903-1-my,14.0,word,1693711443.3894734,554.8579208768613,469.11945871117496,2.23606797749979,14.0,0.0
0903-1-my,14.0,word,1693711443.4215643,573.3110964329936,468.2828783368128,21.02379604162864,14.0,0.0
0903-1-my,14.0,word,1693711443.4528277,595.2686618501996,466.47514894774775,25.079872407968907,14.0,0.0
0903-1-my,14.0,word,1693711443.484829,651.7274463843225,462.9558479007509,64.1248781675256,14.0,0.0
0903-1-my,14.0,word,1693711443.5169418,711.0842323091093,458.43577843416216,67.1863081289633,14.0,0.0
0903-1-my,14.0,word,1693711443.532828,757.3590367252268,454.7910697278821,52.15361924162119,14.0,0.0
0903-1-my,14.0,word,1693711443.5649822,790.4443953665043,454.0559247092853,37.01351104664349,14.0,0.0
0903-1-my,14.0,word,1693711443.5974329,810.1653262998476,454.21959181943816,22.0,14.0,0.0
0903-1-my,14.0,word,1693711443.6289327,846.1120486273447,456.54235896735617,40.049968789001575,14.0,0.0
0903-1-my,14.0,word,1693711443.6609323,910.9424166060023,459.1112975080902,72.02777242147643,14.0,0.0
0903-1-my,14.0,word,1693711443.6933482,961.5189757846399,457.507046126611,56.0357029044876,14.0,0.0
0903-1-my,14.0,word,1693711443.7253523,994.1191954565636,457.7795515479149,36.0,14.0,0.0
0903-1-my,14.0,word,1693711443.7571745,1014.0723986609936,457.94634048677193,22.0,14.0,0.0
0903-1-my,14.0,word,1693711443.7890556,1026.7688909323442,459.0696076778098,14.0356688476182,14.0,0.0
0903-1-my,14.0,word,1693711443.8052237,1034.9431170325815,459.13818056934053,9.0,14.0,0.0
0903-1-my,14.0,word,1693711443.837374,1057.6154167982654,462.38060121888793,25.179356624028344,14.0,0.0
0903-1-my,14.0,word,1693711443.8696394,1126.7996104596048,465.0045072022773,76.02631123499285,14.0,0.0
0903-1-my,14.0,word,1693711443.9010975,1186.1861786520938,466.5315137711266,65.00769185258002,14.0,0.0
0903-1-my,14.0,word,1693711443.9333498,1226.4783202274907,467.8975650865963,44.01136216933077,14.0,0.0
0903-1-my,14.0,word,1693711443.965346,1252.093890269301,470.15999984094816,28.0713376952364,14.0,0.0
0903-1-my,14.0,word,1693711443.9976523,1267.6680978344696,471.31590684555226,17.029386365926403,14.0,0.0
0903-1-my,14.0,word,1693711444.0287282,1277.785228227674,471.4037992868469,11.0,14.0,0.0
0903-1-my,14.0,word,1693711444.0607374,1283.3061827946965,471.451762509254,6.0,14.0,0.0
0903-1-my,14.0,word,1693711444.0776525,1288.8289171480847,471.4997411935326,6.0,14.0,0.0
0903-1-my,14.0,word,1693711444.1087475,1308.0550557788522,473.71033751409766,21.095023109728988,14.0,0.0
0903-1-my,14.0,word,1693711444.1411786,1335.7808803369935,472.93041014958595,30.01666203960727,14.0,0.0
0903-1-my,14.0,word,1693711444.1730893,1358.9379676152498,472.10881267555476,25.019992006393608,14.0,0.0
0903-1-my,14.0,word,1693711444.2055438,1374.589921404702,473.26871989091177,17.029386365926403,14.0,0.0
0903-1-my,14.0,word,1693711444.2368312,1382.846613772471,474.3645457883685,9.055385138137416,14.0,0.0
0903-1-my,14.0,word,1693711444.269189,1350.4892787027438,474.081513359257,35.0,14.0,0.0
0903-1-my,14.0,word,1693711444.3014808,1121.4969408943866,491.3221941150457,249.7238474795709,14.0,0.0
0903-1-my,14.0,word,1693711444.3336966,846.1240399424255,514.692470753324,307.1025887224007,14.0,0.0
0903-1-my,14.0,word,1693711444.348733,695.9584893567531,526.0090154130543,170.49633427144408,14.0,0.0
0903-1-my,14.0,word,1693711444.380833,624.2065756855986,531.1496899266438,82.21921916437786,14.0,0.0
0903-1-my,14.0,word,1693711444.41307,594.6131748468244,533.7737680454334,34.132096331752024,14.0,0.0
0903-1-my,14.0,word,1693711444.4453397,580.8048908080419,536.5605089808126,16.278820596099706,14.0,0.0
0903-1-my,14.0,word,1693711444.477316,574.5221795551499,533.5583542793271,7.615773105863909,14.0,0.0
0903-1-my,14.0,word,1693711444.5094109,558.1245212055022,536.3153488613232,19.235384061671343,14.0,0.0
0903-1-my,14.0,word,1693711444.5417182,530.3815193610108,537.9675106030413,32.0624390837628,14.0,0.0
0903-1-my,14.0,word,1693711444.5729506,509.4463111460916,536.7647360610251,24.020824298928627,14.0,0.0
0903-1-my,14.0,word,1693711444.60495,495.5470196238654,536.6140888201992,16.0,14.0,0.0
0903-1-my,14.0,word,1693711444.621076,488.5306415153127,535.5630840543738,8.06225774829855,14.0,0.0
0903-1-my,14.0,word,1693711444.6534295,483.25086108397085,534.5309008963367,6.082762530298219,14.0,0.0
0903-1-my,14.0,word,1693711444.6847303,480.6471188485642,534.5028319998843,3.0,14.0,0.0
0903-1-my,14.0,word,1693711444.7171862,478.9115157844252,534.4841218287978,2.0,14.0,0.0
0903-1-my,14.0,word,1693711444.749062,476.2354783464617,533.480057688735,3.1622776601683795,14.0,0.0
0903-1-my,14.0,word,1693711444.7810645,474.426798783903,532.485141000007,2.23606797749979,14.0,0.0
0903-1-my,14.0,word,1693711444.812949,473.4856069885912,531.4992971836805,1.4142135623730951,14.0,0.0
0903-1-my,14.0,word,1693711444.8449483,471.749923968363,531.4807379785052,2.0,14.0,0.0
0903-1-my,14.0,word,1693711444.8770585,470.0144210448162,531.4621806990567,2.0,14.0,0.0
0903-1-my,14.0,word,1693711444.8931024,469.0726311538436,530.4761781176041,1.4142135623730951,14.0,0.0
0903-1-my,14.0,word,1693711444.9254055,469.0726311538436,530.4761781176041,0.0,14.0,0.0
0903-1-my,14.0,word,1693711444.9577136,467.41150427946104,531.434348389966,2.23606797749979,14.0,0.0
0903-1-my,14.0,word,1693711444.98907,464.80899257400057,531.406520412075,3.0,14.0,0.0
0903-1-my,14.0,word,1693711445.02112,462.20688583389057,531.3786967643728,3.0,14.0,0.0
0903-1-my,14.0,word,1693711445.0532875,458.73803996315604,531.3416053015387,4.0,14.0,0.0
0903-1-my,14.0,word,1693711445.084725,457.0038868716912,531.323062455492,2.0,14.0,0.0
0903-1-my,14.0,word,1693711445.1170304,455.2699136388451,531.3045215326266,2.0,14.0,0.0
0903-1-my,14.0,word,1693711445.149184,454.4029944606601,531.2952517922934,1.0,14.0,0.0
0903-1-my,14.0,word,1693711445.1652172,457.87094093334724,531.3323336380988,4.0,14.0,0.0
0903-1-my,14.0,word,1693711445.1975598,460.3969341620479,530.3836642829303,3.1622776601683795,14.0,0.0
0903-1-my,14.0,word,1693711445.2293332,464.6594241741651,529.4530054621147,5.0990195135927845,14.0,0.0
0903-1-my,14.0,word,1693711445.2614186,469.7924340309046,528.5310210254739,6.082762530298219,14.0,0.0
0903-1-my,14.0,word,1693711445.293668,475.65089513484276,525.6610707586785,7.615773105863909,14.0,0.0
0903-1-my,14.0,word,1693711445.3249714,481.66152298604254,524.7461332176775,7.071067811865476,14.0,0.0
0903-1-my,14.0,word,1693711445.357174,486.8065145211803,523.8214807869325,6.082762530298219,14.0,0.0
0903-1-my,14.0,word,1693711445.3887267,491.01382500374257,521.9070800078015,5.385164807134504,14.0,0.0
0903-1-my,14.0,word,1693711445.4208689,484.92372951565727,521.8437396213689,7.0,14.0,0.0
0903-1-my,14.0,word,1693711445.4367578,480.5750179881236,521.7985105984123,5.0,14.0,0.0
0903-1-my,14.0,word,1693711445.4688745,476.22743652634637,521.7532933287694,5.0,14.0,0.0
0903-1-my,14.0,word,1693711445.5009122,471.01182983889584,521.6990481131222,6.0,14.0,0.0
0903-1-my,14.0,word,1693711445.5330665,464.9290102735614,521.6357834003403,7.0,14.0,0.0
0903-1-my,14.0,word,1693711445.565091,458.7725944364349,520.593029015611,7.071067811865476,14.0,0.0
0903-1-my,14.0,word,1693711445.5983064,452.6932623930769,520.5299785113467,7.0,14.0,0.0
0903-1-my,14.0,word,1693711445.6295097,447.4841654579951,520.4759534661318,6.0,14.0,0.0
0903-1-my,14.0,word,1693711445.66162,443.22270194630033,521.4100256991412,5.0990195135927845,14.0,0.0
0903-1-my,14.0,word,1693711445.6929653,439.75230702169785,521.3739316582468,4.0,14.0,0.0
0903-1-my,14.0,word,1693711445.7091336,435.4947123516018,522.3073835157488,5.0990195135927845,14.0,0.0
0903-1-my,14.0,word,1693711445.7410555,432.89346392319743,522.2802529707039,3.0,14.0,0.0
0903-1-my,14.0,word,1693711445.7732255,449.2976276790994,521.4732083116663,19.026297590440446,14.0,0.0
0903-1-my,14.0,word,1693711445.805466,528.9552953179286,516.4123584057918,92.19544457292888,14.0,0.0
0903-1-my,14.0,word,1693711445.837554,626.6653450574026,510.50628532702166,112.21853679316978,14.0,0.0
0903-1-my,14.0,word,1693711445.8695562,703.9727911000531,505.3363000731914,88.20430828479978,14.0,0.0
0903-1-my,14.0,word,1693711445.9015882,752.5991320835105,503.82802126665456,55.03635162326805,14.0,0.0
0903-1-my,14.0,word,1693711445.9336162,782.7508893618908,503.1282122527729,34.0147027033899,14.0,0.0
0903-1-my,14.0,word,1693711445.9652495,798.7284513053316,502.2884656630726,18.027756377319943,14.0,0.0
0903-1-my,14.0,word,1693711445.9813385,806.7575090510647,503.36238456317875,9.055385138137416,14.0,0.0
0903-1-my,14.0,word,1693711446.0132473,812.0759950649216,502.41827072685015,6.082762530298219,14.0,0.0
0903-1-my,14.0,word,1693711446.0452406,793.4401768365208,504.2276081626235,21.095023109728988,14.0,0.0
0903-1-my,14.0,word,1693711446.077221,780.1635382681815,506.08623456251183,15.132745950421556,14.0,0.0
0903-1-my,14.0,word,1693711446.109333,774.8367218108292,506.03380347962946,6.0,14.0,0.0
0903-1-my,14.0,word,1693711446.1415596,771.3138056572755,506.99265596017034,4.123105625617661,14.0,0.0
0903-1-my,14.0,word,1693711446.173028,764.2450742573477,507.9158759054807,8.06225774829855,14.0,0.0
0903-1-my,14.0,word,1693711446.2052517,756.2952572902694,508.8296144283746,9.055385138137416,14.0,0.0
0903-1-my,14.0,word,1693711446.2213728,748.3517071196541,509.7426326562773,9.055385138137416,14.0,0.0
0903-1-my,14.0,word,1693711446.253216,740.4144163382999,510.65493144055995,9.055385138137416,14.0,0.0
0903-1-my,14.0,word,1693711446.2853606,733.3347011751371,510.5842054759151,8.0,14.0,0.0
0903-1-my,14.0,word,1693711446.316862,728.0268654035704,510.53118048882595,6.0,14.0,0.0
0903-1-my,14.0,word,1693711446.3489454,723.6397627932289,511.4779044934198,5.0990195135927845,14.0,0.0
0903-1-my,14.0,word,1693711446.3813992,719.2551934757928,512.4240818207606,5.0990195135927845,14.0,0.0
0903-1-my,14.0,word,1693711446.4134605,715.7205273166651,512.3885629661236,4.0,14.0,0.0
0903-1-my,14.0,word,1693711446.4456477,713.9534722812688,512.3708063327917,2.0,14.0,0.0
0903-1-my,14.0,word,1693711446.4770317,720.138975888579,512.4329626987947,7.0,14.0,0.0
0903-1-my,14.0,word,1693711446.4930313,737.8569430109288,513.6013455523101,20.024984394500787,14.0,0.0
0903-1-my,14.0,word,1693711446.5252006,780.3192075242755,512.0457948311736,48.04164859785725,14.0,0.0
0903-1-my,14.0,word,1693711446.5572102,826.4745034274998,510.5207783359599,52.03844732503075,14.0,0.0
0903-1-my,14.0,word,1693711446.588765,864.7925320792766,511.8974619680979,43.01162633521314,14.0,0.0
0903-1-my,14.0,word,1693711446.6207948,894.259887730572,514.1826542053037,33.06055050963308,14.0,0.0
0903-1-my,14.0,word,1693711446.6530545,913.9212933376747,515.37573735819,22.02271554554524,14.0,0.0
0903-1-my,14.0,word,1693711446.6852486,926.4427722374119,516.4974930716476,14.0356688476182,14.0,0.0
0903-1-my,14.0,word,1693711446.7176871,934.4972274064423,518.569555080368,9.219544457292889,14.0,0.0
0903-1-my,14.0,word,1693711446.7494197,958.6596452380841,521.8009314202627,27.16615541441225,14.0,0.0
0903-1-my,14.0,word,1693711446.765306,984.6323999013987,524.0576963214177,29.068883707497267,14.0,0.0
0903-1-my,14.0,word,1693711446.797604,1003.4589908649248,525.2471467772327,21.02379604162864,14.0,0.0
0903-1-my,14.0,word,1693711446.8288689,1016.014548293957,526.3723458776234,14.0356688476182,14.0,0.0
0903-1-my,14.0,word,1693711446.8608675,1024.9696195184006,528.4554989156934,10.198039027185567,14.0,0.0
0903-1-my,14.0,word,1693711446.8928685,1046.4708435367374,532.6590431806965,24.33105012119288,14.0,0.0
0903-1-my,14.0,word,1693711446.9251215,1100.4464972188646,534.2239241718179,60.00833275470999,14.0,0.0
0903-1-my,14.0,word,1693711446.9572706,1150.9936995290911,534.7585102254762,56.0,14.0,0.0
0903-1-my,14.0,word,1693711446.9895272,1186.2848797189029,535.1317489386857,39.0,14.0,0.0
0903-1-my,14.0,word,1693711447.0208747,1208.9458425960936,535.3714107629398,25.0,14.0,0.0
0903-1-my,14.0,word,1693711447.0368743,1224.2386026069685,538.5289374406191,17.26267650163207,14.0,0.0
0903-1-my,14.0,word,1693711447.0690355,1233.223122374511,540.6208839733794,10.198039027185567,14.0,0.0
0903-1-my,14.0,word,1693711447.1021605,1238.716567831759,539.6817119698268,6.082762530298219,14.0,0.0
0903-1-my,14.0,word,1693711447.133275,1243.3527358398721,537.7339232473581,5.385164807134504,14.0,0.0
0903-1-my,14.0,word,1693711447.1655836,1246.9874370240577,537.7725760278934,4.0,14.0,0.0
0903-1-my,14.0,word,1693711447.196718,1247.847825008091,538.7806958526592,1.4142135623730951,14.0,0.0
0903-1-my,14.0,word,1693711447.229646,1249.6165840870335,539.7982629965627,2.23606797749979,14.0,0.0
0903-1-my,14.0,word,1693711447.2616458,1250.5252322347221,539.8079789338672,1.0,14.0,0.0
0903-1-my,14.0,word,1693711447.2927566,1251.4829061663538,538.819458766765,1.4142135623730951,14.0,0.0
0903-1-my,14.0,word,1693711447.309783,1252.4409366189286,537.8305705953444,1.4142135623730951,14.0,0.0
0903-1-my,14.0,word,1693711447.341251,1252.4900918232465,536.8316716441354,1.0,14.0,0.0
0903-1-my,14.0,word,1693711447.3734071,1252.4900918232465,536.8316716441354,0.0,14.0,0.0
0903-1-my,14.0,word,1693711447.4050088,1253.4486411444498,535.8420713408825,1.4142135623730951,14.0,0.0
0903-1-my,14.0,word,1693711447.4373078,1253.4486411444498,535.8420713408825,0.0,14.0,0.0
0903-1-my,14.0,word,1693711447.469071,1254.4075475023792,534.8521024351545,1.4142135623730951,14.0,0.0
0903-1-my,14.0,word,1693711447.501629,1254.4075475023792,534.8521024351545,0.0,14.0,0.0
0903-1-my,14.0,word,1693711447.533623,1267.901960523454,537.9949889432497,15.297058540778355,14.0,0.0
0903-1-my,14.0,word,1693711447.565538,1290.5535653873826,540.2359914448773,25.079872407968907,14.0,0.0
0903-1-my,14.0,word,1693711447.581628,1313.1619003821284,543.4775188487305,25.179356624028344,14.0,0.0
0903-1-my,14.0,word,1693711447.6128397,1332.1296497544963,546.6805923768343,21.213203435596427,14.0,0.0
0903-1-my,14.0,word,1693711447.645013,1347.7075676302181,545.8502167978389,17.029386365926403,14.0,0.0
0903-1-my,14.0,word,1693711447.6771772,1359.5158303152227,546.978214562221,13.038404810405298,14.0,0.0
0903-1-my,14.0,word,1693711447.7094576,1368.5186437366324,549.0756584866841,10.198039027185567,14.0,0.0
0903-1-my,14.0,word,1693711447.7411356,1374.3047069328652,517.99713446551,31.25699921617557,14.0,0.0
0903-1-my,14.0,word,1693711447.7731123,1381.5676039900486,479.4675139759948,38.3275357934736,14.0,0.0
0903-1-my,14.0,word,1693711447.80502,1386.845250251904,443.53743853263524,35.12833614050059,14.0,0.0
0903-1-my,14.0,word,1693711447.8370206,1391.7452157708,413.45436816749424,29.154759474226505,14.0,0.0
0903-1-my,14.0,word,1693711447.8531623,1396.2475492809308,389.3920132913456,23.194827009486403,14.0,0.0
0903-1-my,14.0,word,1693711447.8853734,1398.3773486745272,372.53736233927617,16.0312195418814,14.0,0.0
0903-1-my,14.0,word,1693711447.9177036,1400.0676900805586,361.9595472550353,10.04987562112089,14.0,0.0
0903-1-my,14.0,word,1693711447.9488242,1401.3113475246414,357.72152050428656,4.123105625617661,14.0,0.0
0903-1-my,14.0,word,1693711447.9810667,1423.9497664044075,395.8734427425716,45.0,14.0,0.0
0903-1-my,14.0,word,1693711448.06106,631.844549660177,967.2577470930437,1090.1045821387963,14.0,0.0
0903-1-my,14.0,word,1693711448.109187,601.0602175877995,813.4441519468133,178.05897899291685,14.0,0.0
0903-1-my,14.0,word,1693711448.1250932,487.3184819056406,770.9584987799002,140.40655255364686,14.0,0.0
0903-1-my,14.0,word,1693711448.1571722,444.3113474339867,713.8010139296014,77.20103626247513,14.0,0.0
0903-1-my,14.0,word,1693711448.1896472,421.5393725701892,683.000101498611,40.80441152620633,14.0,0.0
0903-1-my,14.0,word,1693711448.2216349,408.94742818411635,664.2197007361611,23.853720883753127,14.0,0.0
0903-1-my,14.0,word,1693711448.253482,414.0192308615829,644.6491778497631,22.47220505424423,14.0,0.0
0903-1-my,14.0,word,1693711448.285495,418.51574482620106,627.7695181442338,19.313207915827967,14.0,0.0
0903-1-my,14.0,word,1693711448.3167732,419.09182542771345,614.5334195862227,14.142135623730953,14.0,0.0
0903-1-my,14.0,word,1693711448.349059,418.4457115104203,606.9310829039061,8.0,14.0,0.0
0903-1-my,14.0,word,1693711448.3807669,417.9600821994836,601.2170479238057,6.0,14.0,0.0
0903-1-my,14.0,word,1693711448.3968377,419.4280734920796,598.3778249346799,3.605551275463989,14.0,0.0
0903-1-my,14.0,word,1693711448.4290757,417.06742898167465,590.7138686535486,8.246211251235321,14.0,0.0
0903-1-my,14.0,word,1693711448.4611125,414.9867883053107,576.3234749182016,15.033296378372908,14.0,0.0
0903-1-my,14.0,word,1693711448.4933853,414.8634846279393,564.7817124845832,12.041594578792296,14.0,0.0
0903-1-my,14.0,word,1693711448.5257282,414.90394979770986,555.1319604118472,10.04987562112089,14.0,0.0
0903-1-my,14.0,word,1693711448.557053,414.2464016467863,547.3825126272334,8.0,14.0,0.0
0903-1-my,14.0,word,1693711448.5892096,413.5872185402222,539.613796286623,8.0,14.0,0.0
0903-1-my,14.0,word,1693711448.6212108,413.17439613611447,534.7485318030128,5.0,14.0,0.0
0903-1-my,14.0,word,1693711448.6533277,410.9482348730835,528.8818204575863,6.324555320336759,14.0,0.0
0903-1-my,14.0,word,1693711448.6692345,413.7423969120742,500.51266261693956,29.61418578992169,14.0,0.0
0903-1-my,14.0,word,1693711448.7016177,415.5234842154712,469.8802220507261,31.400636936215164,14.0,0.0
0903-1-my,14.0,word,1693711448.7336216,416.23430994136453,446.9490283398672,23.194827009486403,14.0,0.0
0903-1-my,14.0,word,1693711448.7651062,448.5366706007751,399.7653323983631,62.369864518050704,14.0,0.0
0903-1-my,14.0,word,1693711448.7971067,504.50510144147955,349.8196976485367,83.00602387778854,14.0,0.0
0903-1-my,14.0,word,1693711448.829216,551.3420809772089,309.3779768865935,67.42403132415029,14.0,0.0
0903-1-my,14.0,word,1693711448.8612196,579.0307511251208,287.3467191979601,38.27531841800928,14.0,0.0
0903-1-my,14.0,word,1693711448.8934023,593.9601463194532,277.85618068635165,19.235384061671343,14.0,0.0
0903-1-my,14.0,word,1693711448.9094107,604.3863838203297,268.31615887525146,15.0,14.0,0.0
0903-1-my,14.0,word,1693711448.9407458,609.5314848149864,261.9323052900131,8.48528137423857,14.0,0.0
0903-1-my,14.0,word,1693711448.9727178,613.1306214841278,260.8740143406015,4.123105625617661,14.0,0.0
0903-1-my,14.0,word,1693711449.0061667,614.850111212706,258.7418337612988,2.8284271247461903,14.0,0.0
0903-1-my,14.0,word,1693711449.0373182,615.7103480156287,257.67513346393224,1.4142135623730951,14.0,0.0
0903-1-my,14.0,word,1693711449.068929,617.4318064373759,255.54051168985416,2.8284271247461903,14.0,0.0
0903-1-my,14.0,word,1693711449.1011205,617.5387662372232,257.6796988878577,2.0,14.0,0.0
0903-1-my,14.0,word,1693711449.1331203,606.7368736321763,260.85743956492246,12.36931687685298,14.0,0.0
0903-1-my,14.0,word,1693711449.165454,595.8956966665631,262.9633588704868,12.16552506059644,14.0,0.0
0903-1-my,14.0,word,1693711449.1967604,583.1869306162754,263.99568563239853,14.0356688476182,14.0,0.0
0903-1-my,14.0,word,1693711449.2128637,568.7320561319921,266.08702312690224,16.1245154965971,14.0,0.0
0903-1-my,14.0,word,1693711449.2447994,553.4535667900338,269.23618336350285,17.26267650163207,14.0,0.0
0903-1-my,14.0,word,1693711449.277082,542.6130862736375,270.2680142906167,12.041594578792296,14.0,0.0
0903-1-my,14.0,word,1693711449.309481,532.6908551057473,271.3014796851438,11.04536101718726,14.0,0.0
0903-1-my,14.0,word,1693711449.3407288,524.5235594917411,271.27771520415627,9.0,14.0,0.0
0903-1-my,14.0,word,1693711449.3730748,519.0809069742908,271.2618786508605,6.0,14.0,0.0
