original_index,username,iteration,phase,time,gaze_x,gaze_y,speed,matrix_x,matrix_y,density,row_label
0,0905-4-cjx,6.0,word,1693894351.6693366,976.0,324.99999999999994,9.433981132056603,6.0,0.0,10,1
1,0905-4-cjx,6.0,word,1693894351.689336,982.0,323.9999999999999,6.082762530298219,6.0,0.0,10,1
2,0905-4-cjx,6.0,word,1693894351.721665,985.0,323.0,3.1622776601683795,6.0,0.0,10,1
3,0905-4-cjx,6.0,word,1693894351.7375827,987.0,322.99999999999994,2.0,6.0,0.0,10,1
4,0905-4-cjx,6.0,word,1693894351.7697682,989.0,323.0,2.0,6.0,0.0,10,1
5,0905-4-cjx,6.0,word,1693894351.8020358,990.0,324.0,1.4142135623730951,6.0,0.0,10,1
6,0905-4-cjx,6.0,word,1693894351.833364,991.0,323.99999999999994,1.0,6.0,0.0,10,1
7,0905-4-cjx,6.0,word,1693894351.8655336,992.0,324.99999999999994,1.4142135623730951,6.0,0.0,10,1
8,0905-4-cjx,6.0,word,1693894351.8975086,993.0,324.99999999999994,1.0,6.0,0.0,10,1
9,0905-4-cjx,6.0,word,1693894351.930066,985.0,323.99999999999994,8.06225774829855,6.0,0.0,10,1
10,0905-4-cjx,6.0,word,1693894351.961326,943.0,320.99999999999994,42.1070065428546,6.0,0.0,10,1
11,0905-4-cjx,6.0,word,1693894351.9782248,860.0,316.00000000000006,83.15046602394962,6.0,0.0,0,1
12,0905-4-cjx,6.0,word,1693894352.0095563,786.0,309.0,74.33034373659252,6.0,0.0,1,1
13,0905-4-cjx,6.0,word,1693894352.0417297,735.0,305.9999999999999,51.0881590977792,6.0,0.0,3,1
14,0905-4-cjx,6.0,word,1693894352.0738792,701.9999999999999,301.99999999999994,33.24154027718932,6.0,0.0,13,1
15,0905-4-cjx,6.0,word,1693894352.1053228,681.0000000000001,299.0,21.213203435596427,6.0,0.0,14,1
16,0905-4-cjx,6.0,word,1693894352.137638,668.0,296.99999999999994,13.152946437965904,6.0,0.0,14,0
17,0905-4-cjx,6.0,word,1693894352.1701078,660.0000000000001,295.0,8.246211251235321,6.0,0.0,15,0
18,0905-4-cjx,6.0,word,1693894352.2012596,655.0000000000001,293.99999999999994,5.0990195135927845,6.0,0.0,16,0
19,0905-4-cjx,6.0,word,1693894352.2337174,651.0,293.0,4.123105625617661,6.0,0.0,16,0
20,0905-4-cjx,6.0,word,1693894352.2657423,648.0000000000001,292.0,3.1622776601683795,6.0,0.0,16,0
21,0905-4-cjx,6.0,word,1693894352.281718,646.0,290.99999999999994,2.23606797749979,6.0,0.0,17,0
22,0905-4-cjx,6.0,word,1693894352.3138435,645.0000000000001,290.0,1.4142135623730951,6.0,0.0,17,0
23,0905-4-cjx,6.0,word,1693894352.346139,643.9999999999999,289.99999999999994,1.0,6.0,0.0,17,0
24,0905-4-cjx,6.0,word,1693894352.3776555,643.0,289.0,1.4142135623730951,6.0,0.0,17,0
25,0905-4-cjx,6.0,word,1693894352.4096384,642.9999999999999,289.99999999999994,1.0,6.0,0.0,17,0
26,0905-4-cjx,6.0,word,1693894352.4416354,639.9999999999999,289.9999999999999,3.0,6.0,0.0,18,0
27,0905-4-cjx,6.0,word,1693894352.473786,628.0,289.99999999999994,12.0,6.0,0.0,20,0
28,0905-4-cjx,6.0,word,1693894352.5058112,614.9999999999999,289.0,13.038404810405298,6.0,0.0,29,0
29,0905-4-cjx,6.0,word,1693894352.5378103,602.9999999999999,289.0,12.0,6.0,0.0,31,0
30,0905-4-cjx,6.0,word,1693894352.553912,592.0,289.0,11.0,6.0,0.0,30,0
31,0905-4-cjx,6.0,word,1693894352.5861,583.0000000000001,289.00000000000006,9.0,6.0,0.0,27,0
32,0905-4-cjx,6.0,word,1693894352.6180987,577.0000000000001,289.99999999999994,6.082762530298219,6.0,0.0,22,0
33,0905-4-cjx,6.0,word,1693894352.649785,572.0,290.0,5.0,6.0,0.0,21,0
34,0905-4-cjx,6.0,word,1693894352.6818233,568.0000000000001,290.0,4.0,6.0,0.0,21,0
35,0905-4-cjx,6.0,word,1693894352.7138786,565.0000000000001,290.0,3.0,6.0,0.0,21,0
36,0905-4-cjx,6.0,word,1693894352.7458503,563.0,290.0,2.0,6.0,0.0,20,0
37,0905-4-cjx,6.0,word,1693894352.7781715,560.9999999999999,290.0,2.0,6.0,0.0,20,0
38,0905-4-cjx,6.0,word,1693894352.793492,558.9999999999999,289.99999999999994,2.0,6.0,0.0,20,0
39,0905-4-cjx,6.0,word,1693894352.825672,558.0,289.0,1.4142135623730951,6.0,0.0,20,0
40,0905-4-cjx,6.0,word,1693894352.85816,555.9999999999999,289.0,2.0,6.0,0.0,20,0
41,0905-4-cjx,6.0,word,1693894352.8898704,554.9999999999998,289.0,1.0,6.0,0.0,20,0
42,0905-4-cjx,6.0,word,1693894352.9230936,554.0,288.99999999999994,1.0,6.0,0.0,20,0
43,0905-4-cjx,6.0,word,1693894352.95427,553.0,288.0,1.4142135623730951,6.0,0.0,20,0
44,0905-4-cjx,6.0,word,1693894352.985665,552.0000000000001,286.9999999999999,1.4142135623730951,6.0,0.0,20,0
45,0905-4-cjx,6.0,word,1693894353.017667,552.0000000000001,286.9999999999999,0.0,6.0,0.0,20,0
46,0905-4-cjx,6.0,word,1693894353.0497024,551.0,286.99999999999994,1.0,6.0,0.0,19,0
47,0905-4-cjx,6.0,word,1693894353.0818253,554.0000000000001,287.0,3.0,6.0,0.0,20,0
48,0905-4-cjx,6.0,word,1693894353.09785,603.0,280.0,49.49747468305833,6.0,0.0,31,0
49,0905-4-cjx,6.0,word,1693894353.1299417,698.0,268.0,95.75489543621256,6.0,0.0,0,0
50,0905-4-cjx,6.0,word,1693894353.1622798,781.0,258.0,83.60023923410746,6.0,0.0,1,0
51,0905-4-cjx,6.0,word,1693894353.1934874,837.0,252.0,56.32051136131489,6.0,0.0,3,0
52,0905-4-cjx,6.0,word,1693894353.2256937,871.0,251.0,34.0147027033899,6.0,0.0,10,0
53,0905-4-cjx,6.0,word,1693894353.2578256,881.0000000000001,268.00000000000006,19.72308292331602,6.0,0.0,9,0
54,0905-4-cjx,6.0,word,1693894353.28996,905.0,244.0,33.94112549695428,6.0,0.0,8,0
55,0905-4-cjx,6.0,word,1693894353.305984,910.0,245.0,5.0990195135927845,6.0,0.0,8,0
56,0905-4-cjx,6.0,word,1693894353.3379848,914.0,246.0,4.123105625617661,6.0,0.0,8,0
57,0905-4-cjx,6.0,word,1693894353.3700006,916.0,246.00000000000003,2.0,6.0,0.0,8,0
58,0905-4-cjx,6.0,word,1693894353.401526,919.0,246.00000000000003,3.0,6.0,0.0,8,0
59,0905-4-cjx,6.0,word,1693894353.4338422,903.0,248.0,16.1245154965971,6.0,0.0,8,0
60,0905-4-cjx,6.0,word,1693894353.4658437,875.9999999999999,250.9999999999999,27.16615541441225,6.0,0.0,10,0
61,0905-4-cjx,6.0,word,1693894353.4978724,814.9999999999999,257.0,61.29437168288782,6.0,0.0,2,0
62,0905-4-cjx,6.0,word,1693894353.530136,752.0000000000001,263.99999999999994,63.38769596696192,6.0,0.0,2,0
63,0905-4-cjx,6.0,word,1693894353.5615952,704.9999999999999,270.99999999999994,47.51841748206689,6.0,0.0,3,0
64,0905-4-cjx,6.0,word,1693894353.5937464,675.0000000000001,276.99999999999994,30.59411708155671,6.0,0.0,10,0
65,0905-4-cjx,6.0,word,1693894353.609914,654.0000000000001,281.00000000000006,21.37755832643195,6.0,0.0,13,0
66,0905-4-cjx,6.0,word,1693894353.6420665,640.9999999999999,282.0,13.038404810405298,6.0,0.0,13,0
67,0905-4-cjx,6.0,word,1693894353.6733427,632.0,282.99999999999994,9.055385138137416,6.0,0.0,14,0
68,0905-4-cjx,6.0,word,1693894353.705439,626.0,284.99999999999994,6.324555320336759,6.0,0.0,15,0
69,0905-4-cjx,6.0,word,1693894353.7376242,620.9999999999999,283.9999999999999,5.0990195135927845,6.0,0.0,15,0
70,0905-4-cjx,6.0,word,1693894353.7696383,618.0,284.0,3.0,6.0,0.0,16,0
71,0905-4-cjx,6.0,word,1693894353.8020136,616.0,282.99999999999994,2.23606797749979,6.0,0.0,16,0
72,0905-4-cjx,6.0,word,1693894353.833424,614.0,282.99999999999994,2.0,6.0,0.0,17,0
73,0905-4-cjx,6.0,word,1693894353.8656256,613.0,283.9999999999999,1.4142135623730951,6.0,0.0,17,0
74,0905-4-cjx,6.0,word,1693894353.88178,611.0,284.0,2.0,6.0,0.0,16,0
75,0905-4-cjx,6.0,word,1693894353.9137793,601.0,284.99999999999994,10.04987562112089,6.0,0.0,20,0
76,0905-4-cjx,6.0,word,1693894353.9452355,591.0,285.99999999999994,10.04987562112089,6.0,0.0,32,0
77,0905-4-cjx,6.0,word,1693894353.9776957,581.0,286.0,10.0,6.0,0.0,45,0
78,0905-4-cjx,6.0,word,1693894354.0101416,571.0,286.0,10.0,6.0,0.0,44,0
79,0905-4-cjx,6.0,word,1693894354.0413172,563.0000000000001,285.0,8.06225774829855,6.0,0.0,43,0
80,0905-4-cjx,6.0,word,1693894354.073603,556.9999999999999,284.99999999999994,6.0,6.0,0.0,41,0
81,0905-4-cjx,6.0,word,1693894354.1058128,552.0,283.99999999999994,5.0990195135927845,6.0,0.0,38,0
82,0905-4-cjx,6.0,word,1693894354.1379676,547.0,283.0,5.0990195135927845,6.0,0.0,35,0
83,0905-4-cjx,6.0,word,1693894354.1539423,543.0,282.99999999999994,4.0,6.0,0.0,35,0
84,0905-4-cjx,6.0,word,1693894354.185243,540.0,281.99999999999994,3.1622776601683795,6.0,0.0,35,0
85,0905-4-cjx,6.0,word,1693894354.2173865,537.9999999999999,281.0,2.23606797749979,6.0,0.0,35,0
86,0905-4-cjx,6.0,word,1693894354.2500124,535.0000000000001,279.99999999999994,3.1622776601683795,6.0,0.0,34,0
87,0905-4-cjx,6.0,word,1693894354.2821596,534.0,278.99999999999994,1.4142135623730951,6.0,0.0,34,0
88,0905-4-cjx,6.0,word,1693894354.3142986,533.0,279.0,1.0,6.0,0.0,34,0
89,0905-4-cjx,6.0,word,1693894354.345591,531.9999999999999,278.0,1.4142135623730951,6.0,0.0,34,0
90,0905-4-cjx,6.0,word,1693894354.3778431,530.9999999999999,276.99999999999994,1.4142135623730951,6.0,0.0,34,0
91,0905-4-cjx,6.0,word,1693894354.4100893,530.0,277.0,1.0,6.0,0.0,34,0
92,0905-4-cjx,6.0,word,1693894354.4260995,528.9999999999999,275.99999999999994,1.4142135623730951,6.0,0.0,34,0
93,0905-4-cjx,6.0,word,1693894354.457405,528.9999999999999,275.99999999999994,0.0,6.0,0.0,34,0
94,0905-4-cjx,6.0,word,1693894354.4898238,528.9999999999999,274.99999999999994,1.0,6.0,0.0,34,0
95,0905-4-cjx,6.0,word,1693894354.52129,528.9999999999999,274.99999999999994,0.0,6.0,0.0,34,0
96,0905-4-cjx,6.0,word,1693894354.5541754,528.0000000000001,275.0,1.0,6.0,0.0,34,0
97,0905-4-cjx,6.0,word,1693894354.585502,528.0000000000001,275.0,0.0,6.0,0.0,34,0
98,0905-4-cjx,6.0,word,1693894354.617639,528.0,273.99999999999994,1.0,6.0,0.0,33,0
99,0905-4-cjx,6.0,word,1693894354.6499205,527.0,273.0,1.4142135623730951,6.0,0.0,33,0
100,0905-4-cjx,6.0,word,1693894354.681403,527.0,273.0,0.0,6.0,0.0,33,0
101,0905-4-cjx,6.0,word,1693894354.6972885,526.9999999999999,272.0,1.0,6.0,0.0,33,0
102,0905-4-cjx,6.0,word,1693894354.729673,526.9999999999999,272.0,0.0,6.0,0.0,33,0
103,0905-4-cjx,6.0,word,1693894354.7621005,526.9999999999999,271.0,1.0,6.0,0.0,33,0
104,0905-4-cjx,6.0,word,1693894354.7932918,526.9999999999999,271.0,0.0,6.0,0.0,33,0
105,0905-4-cjx,6.0,word,1693894354.8253045,527.0,270.00000000000006,1.0,6.0,0.0,33,0
106,0905-4-cjx,6.0,word,1693894354.8577983,527.0,270.00000000000006,0.0,6.0,0.0,33,0
107,0905-4-cjx,6.0,word,1693894354.889555,527.0,270.00000000000006,0.0,6.0,0.0,33,0
108,0905-4-cjx,6.0,word,1693894354.9217706,527.0,269.0,1.0,6.0,0.0,33,0
109,0905-4-cjx,6.0,word,1693894354.9538677,542.0,266.99999999999994,15.132745950421556,6.0,0.0,35,0
110,0905-4-cjx,6.0,word,1693894354.9692788,577.0,263.00000000000006,35.22782990761707,6.0,0.0,44,0
111,0905-4-cjx,6.0,word,1693894355.0022328,612.0,258.99999999999994,35.22782990761707,6.0,0.0,3,0
112,0905-4-cjx,6.0,word,1693894355.033644,641.9999999999999,256.0,30.14962686336267,6.0,0.0,27,0
113,0905-4-cjx,6.0,word,1693894355.0658236,665.0,255.0,23.021728866442675,6.0,0.0,27,0
114,0905-4-cjx,6.0,word,1693894355.097995,680.9999999999998,254.99999999999991,16.0,6.0,0.0,26,0
115,0905-4-cjx,6.0,word,1693894355.1300163,694.0000000000001,256.0,13.038404810405298,6.0,0.0,13,0
116,0905-4-cjx,6.0,word,1693894355.16212,705.0000000000001,249.0,13.038404810405298,6.0,0.0,9,0
117,0905-4-cjx,6.0,word,1693894355.1936443,680.0,287.0,45.48626166217664,6.0,0.0,26,0
118,0905-4-cjx,6.0,word,1693894355.2259653,668.0,288.99999999999994,12.16552506059644,6.0,0.0,27,0
119,0905-4-cjx,6.0,word,1693894355.2412765,661.0000000000001,287.0,7.280109889280518,6.0,0.0,27,0
120,0905-4-cjx,6.0,word,1693894355.273482,657.9999999999999,285.9999999999999,3.1622776601683795,6.0,0.0,27,0
121,0905-4-cjx,6.0,word,1693894355.3053975,654.9999999999999,284.99999999999994,3.1622776601683795,6.0,0.0,27,0
122,0905-4-cjx,6.0,word,1693894355.3377132,650.9999999999999,285.0,4.0,6.0,0.0,21,0
123,0905-4-cjx,6.0,word,1693894355.3700757,646.9999999999999,284.0,4.123105625617661,6.0,0.0,21,0
124,0905-4-cjx,6.0,word,1693894355.4020753,642.9999999999999,283.99999999999994,4.0,6.0,0.0,21,0
125,0905-4-cjx,6.0,word,1693894355.4333303,638.0,283.0,5.0990195135927845,6.0,0.0,20,0
126,0905-4-cjx,6.0,word,1693894355.4652522,634.9999999999999,283.99999999999994,3.1622776601683795,6.0,0.0,20,0
127,0905-4-cjx,6.0,word,1693894355.4974966,631.9999999999999,283.99999999999994,3.0,6.0,0.0,20,0
128,0905-4-cjx,6.0,word,1693894355.513516,630.0,284.0,2.0,6.0,0.0,20,0
129,0905-4-cjx,6.0,word,1693894355.5457752,629.0000000000001,284.0,1.0,6.0,0.0,20,0
130,0905-4-cjx,6.0,word,1693894355.5777757,628.0,284.99999999999994,1.4142135623730951,6.0,0.0,20,0
131,0905-4-cjx,6.0,word,1693894355.6092815,626.0,284.99999999999994,2.0,6.0,0.0,20,0
132,0905-4-cjx,6.0,word,1693894355.64178,630.0000000000001,284.99999999999994,4.0,6.0,0.0,20,0
133,0905-4-cjx,6.0,word,1693894355.673881,634.0000000000001,284.0,4.123105625617661,6.0,0.0,20,0
134,0905-4-cjx,6.0,word,1693894355.7068417,640.0000000000001,283.00000000000006,6.082762530298219,6.0,0.0,21,0
135,0905-4-cjx,6.0,word,1693894355.737995,648.9999999999999,281.9999999999999,9.055385138137416,6.0,0.0,21,0
136,0905-4-cjx,6.0,word,1693894355.7702298,666.0,279.99999999999994,17.11724276862369,6.0,0.0,27,0
137,0905-4-cjx,6.0,word,1693894355.786169,684.9999999999999,277.99999999999994,19.1049731745428,6.0,0.0,26,0
138,0905-4-cjx,6.0,word,1693894355.818143,701.9999999999999,276.0,17.11724276862369,6.0,0.0,5,0
139,0905-4-cjx,6.0,word,1693894355.8494654,761.0,270.0,59.30430001273095,6.0,0.0,1,0
140,0905-4-cjx,6.0,word,1693894355.8819132,839.9999999999999,262.0,79.40403012442127,6.0,0.0,1,0
141,0905-4-cjx,6.0,word,1693894355.913979,899.0,257.00000000000006,59.21148537234985,6.0,0.0,3,0
142,0905-4-cjx,6.0,word,1693894355.9461913,936.0,254.00000000000003,37.12142238654117,6.0,0.0,9,0
143,0905-4-cjx,6.0,word,1693894355.9772987,959.0,251.0,23.194827009486403,6.0,0.0,40,0
144,0905-4-cjx,6.0,word,1693894356.0093584,972.0,250.0,13.038404810405298,6.0,0.0,40,0
145,0905-4-cjx,6.0,word,1693894356.0416105,982.0,248.99999999999991,10.04987562112089,6.0,0.0,41,0
146,0905-4-cjx,6.0,word,1693894356.0576515,988.0,249.0,6.0,6.0,0.0,41,0
147,0905-4-cjx,6.0,word,1693894356.089954,992.0,249.0,4.0,6.0,0.0,41,0
148,0905-4-cjx,6.0,word,1693894356.121992,995.0,248.0,3.1622776601683795,6.0,0.0,41,0
149,0905-4-cjx,6.0,word,1693894356.1551833,997.0,249.0,2.23606797749979,6.0,0.0,42,0
150,0905-4-cjx,6.0,word,1693894356.1854997,999.0,249.0,2.0,6.0,0.0,42,0
151,0905-4-cjx,6.0,word,1693894356.217962,1003.0,250.0,4.123105625617661,6.0,0.0,41,0
152,0905-4-cjx,6.0,word,1693894356.2502306,1008.0,250.00000000000003,5.0,6.0,0.0,41,0
153,0905-4-cjx,6.0,word,1693894356.2821538,1012.0,251.0,4.123105625617661,6.0,0.0,42,0
154,0905-4-cjx,6.0,word,1693894356.2981544,1015.9999999999998,252.0,4.123105625617661,6.0,0.0,42,0
155,0905-4-cjx,6.0,word,1693894356.3297057,1018.9999999999998,252.0,3.0,6.0,0.0,43,0
156,0905-4-cjx,6.0,word,1693894356.3616998,1021.0,252.0,2.0,6.0,0.0,43,0
157,0905-4-cjx,6.0,word,1693894356.3939111,1020.0,252.0,1.0,6.0,0.0,43,0
158,0905-4-cjx,6.0,word,1693894356.4261458,1017.0,253.0,3.1622776601683795,6.0,0.0,42,0
159,0905-4-cjx,6.0,word,1693894356.458147,1015.0,252.99999999999991,2.0,6.0,0.0,42,0
160,0905-4-cjx,6.0,word,1693894356.4897013,1013.9999999999998,254.00000000000009,1.4142135623730951,6.0,0.0,42,0
161,0905-4-cjx,6.0,word,1693894356.5217202,1013.0,253.99999999999991,1.0,6.0,0.0,42,0
162,0905-4-cjx,6.0,word,1693894356.554041,1012.0,255.0,1.4142135623730951,6.0,0.0,42,0
163,0905-4-cjx,6.0,word,1693894356.5701916,1010.0,255.0,2.0,6.0,0.0,42,0
164,0905-4-cjx,6.0,word,1693894356.6013465,1008.0,255.0,2.0,6.0,0.0,41,0
165,0905-4-cjx,6.0,word,1693894356.6334608,1006.9999999999998,256.0,1.4142135623730951,6.0,0.0,41,0
166,0905-4-cjx,6.0,word,1693894356.665663,1005.0,256.0,2.0,6.0,0.0,41,0
167,0905-4-cjx,6.0,word,1693894356.698099,1003.9999999999998,257.0,1.4142135623730951,6.0,0.0,41,0
168,0905-4-cjx,6.0,word,1693894356.7295463,1003.0,257.0,1.0,6.0,0.0,41,0
169,0905-4-cjx,6.0,word,1693894356.7618656,1001.0,257.0,2.0,6.0,0.0,41,0
170,0905-4-cjx,6.0,word,1693894356.793836,1000.0,257.99999999999994,1.4142135623730951,6.0,0.0,41,0
171,0905-4-cjx,6.0,word,1693894356.8261693,999.0,258.0,1.0,6.0,0.0,42,0
172,0905-4-cjx,6.0,word,1693894356.841446,997.0,257.99999999999994,2.0,6.0,0.0,42,0
173,0905-4-cjx,6.0,word,1693894356.8736682,996.0,259.0,1.4142135623730951,6.0,0.0,42,0
174,0905-4-cjx,6.0,word,1693894356.9059062,995.0,258.99999999999994,1.0,6.0,0.0,41,0
175,0905-4-cjx,6.0,word,1693894356.937902,994.0,258.99999999999994,1.0,6.0,0.0,41,0
176,0905-4-cjx,6.0,word,1693894356.9700394,995.0,257.99999999999994,1.4142135623730951,6.0,0.0,41,0
177,0905-4-cjx,6.0,word,1693894357.0012496,997.0,257.99999999999994,2.0,6.0,0.0,42,0
178,0905-4-cjx,6.0,word,1693894357.033311,998.0,258.0,1.0,6.0,0.0,42,0
179,0905-4-cjx,6.0,word,1693894357.066198,1001.0,258.0,3.0,6.0,0.0,41,0
180,0905-4-cjx,6.0,word,1693894357.0973742,1004.0,259.0,3.1622776601683795,6.0,0.0,41,0
181,0905-4-cjx,6.0,word,1693894357.1133482,1010.9999999999998,259.0,7.0,6.0,0.0,42,0
182,0905-4-cjx,6.0,word,1693894357.1456444,1025.9999999999998,259.99999999999994,15.033296378372908,6.0,0.0,43,0
183,0905-4-cjx,6.0,word,1693894357.1778638,1042.9999999999998,261.0,17.029386365926403,6.0,0.0,42,0
184,0905-4-cjx,6.0,word,1693894357.209955,1059.0,261.99999999999994,16.0312195418814,6.0,0.0,11,0
185,0905-4-cjx,6.0,word,1693894357.2421267,1072.0,263.0,13.038404810405298,6.0,0.0,7,0
186,0905-4-cjx,6.0,word,1693894357.2734072,1082.0,263.00000000000006,10.0,6.0,0.0,7,0
187,0905-4-cjx,6.0,word,1693894357.305645,1089.0,263.9999999999999,7.071067811865476,6.0,0.0,7,0
188,0905-4-cjx,6.0,word,1693894357.337618,1116.0,263.99999999999994,27.0,6.0,0.0,6,0
189,0905-4-cjx,6.0,word,1693894357.3698435,1145.0,263.99999999999994,29.0,6.0,0.0,7,0
190,0905-4-cjx,6.0,word,1693894357.385845,1168.0,263.0,23.021728866442675,6.0,0.0,7,0
191,0905-4-cjx,6.0,word,1693894357.4173586,1185.0,262.0,17.029386365926403,6.0,0.0,7,0
192,0905-4-cjx,6.0,word,1693894357.4497094,1197.0,261.0,12.041594578792296,6.0,0.0,8,0
193,0905-4-cjx,6.0,word,1693894357.4820385,1205.0,259.99999999999994,8.06225774829855,6.0,0.0,9,0
194,0905-4-cjx,6.0,word,1693894357.5133126,1211.0,258.99999999999994,6.082762530298219,6.0,0.0,9,0
195,0905-4-cjx,6.0,word,1693894357.5453858,1228.0,259.9999999999999,17.029386365926403,6.0,0.0,12,0
196,0905-4-cjx,6.0,word,1693894357.5777967,1244.0,260.0,16.0,6.0,0.0,14,0
197,0905-4-cjx,6.0,word,1693894357.6093612,1257.0,259.99999999999994,13.0,6.0,0.0,14,0
198,0905-4-cjx,6.0,word,1693894357.6415508,1266.0,258.99999999999994,9.055385138137416,6.0,0.0,13,0
199,0905-4-cjx,6.0,word,1693894357.657679,1272.9999999999998,259.99999999999994,7.071067811865476,6.0,0.0,13,0
200,0905-4-cjx,6.0,word,1693894357.6899714,1278.0000000000002,261.0,5.0990195135927845,6.0,0.0,12,0
201,0905-4-cjx,6.0,word,1693894357.7214124,1280.9999999999998,260.99999999999994,3.0,6.0,0.0,12,0
202,0905-4-cjx,6.0,word,1693894357.7533114,1288.0,263.00000000000006,7.280109889280518,6.0,0.0,12,0
203,0905-4-cjx,6.0,word,1693894357.78568,1295.0,262.99999999999994,7.0,6.0,0.0,11,0
204,0905-4-cjx,6.0,word,1693894357.818131,1301.0000000000002,263.0,6.0,6.0,0.0,11,0
205,0905-4-cjx,6.0,word,1693894357.849702,1305.0,263.0,4.0,6.0,0.0,12,0
206,0905-4-cjx,6.0,word,1693894357.8817506,1309.0,263.0,4.0,6.0,0.0,11,0
207,0905-4-cjx,6.0,word,1693894357.913883,1333.0,264.0,24.020824298928627,6.0,0.0,10,0
208,0905-4-cjx,6.0,word,1693894357.9293842,1365.9999999999998,264.99999999999994,33.015148038438355,6.0,0.0,5,0
209,0905-4-cjx,6.0,word,1693894357.9612942,1395.0,266.0,29.017236257093817,6.0,0.0,6,0
210,0905-4-cjx,6.0,word,1693894357.9933188,1418.0,265.99999999999994,23.0,6.0,0.0,13,0
211,0905-4-cjx,6.0,word,1693894358.0253162,1434.0,265.9999999999999,16.0,6.0,0.0,17,0
212,0905-4-cjx,6.0,word,1693894358.0575876,1445.9999999999998,265.9999999999999,12.0,6.0,0.0,54,0
213,0905-4-cjx,6.0,word,1693894358.0899334,1455.0,264.99999999999994,9.055385138137416,6.0,0.0,54,0
214,0905-4-cjx,6.0,word,1693894358.1221426,1459.9999999999998,264.0,5.0990195135927845,6.0,0.0,53,0
215,0905-4-cjx,6.0,word,1693894358.154209,1465.0000000000005,264.0,5.0,6.0,0.0,53,0
216,0905-4-cjx,6.0,word,1693894358.1854436,1469.0000000000002,263.0,4.123105625617661,6.0,0.0,53,0
217,0905-4-cjx,6.0,word,1693894358.2017057,1472.0,263.00000000000006,3.0,6.0,0.0,53,0
218,0905-4-cjx,6.0,word,1693894358.233961,1474.0,261.99999999999994,2.23606797749979,6.0,0.0,53,0
219,0905-4-cjx,6.0,word,1693894358.2661834,1476.0,262.0,2.0,6.0,0.0,53,0
220,0905-4-cjx,6.0,word,1693894358.298184,1476.9999999999995,261.0,1.4142135623730951,6.0,0.0,53,0
221,0905-4-cjx,6.0,word,1693894358.3293996,1480.9999999999998,261.00000000000006,4.0,6.0,0.0,53,0
222,0905-4-cjx,6.0,word,1693894358.3617246,1485.9999999999998,261.0,5.0,6.0,0.0,52,0
223,0905-4-cjx,6.0,word,1693894358.3933184,1490.0,259.99999999999994,4.123105625617661,6.0,0.0,52,0
224,0905-4-cjx,6.0,word,1693894358.4255214,1493.0,259.99999999999994,3.0,6.0,0.0,52,0
225,0905-4-cjx,6.0,word,1693894358.4575508,1495.0,259.99999999999994,2.0,6.0,0.0,52,0
226,0905-4-cjx,6.0,word,1693894358.473787,1497.0,259.9999999999999,2.0,6.0,0.0,52,0
227,0905-4-cjx,6.0,word,1693894358.506002,1499.9999999999998,261.0,3.1622776601683795,6.0,0.0,51,0
228,0905-4-cjx,6.0,word,1693894358.5374458,1500.9999999999998,261.0,1.0,6.0,0.0,51,0
229,0905-4-cjx,6.0,word,1693894358.5696385,1501.9999999999998,260.99999999999994,1.0,6.0,0.0,51,0
230,0905-4-cjx,6.0,word,1693894358.6018977,1502.9999999999998,261.00000000000006,1.0,6.0,0.0,51,0
231,0905-4-cjx,6.0,word,1693894358.6339114,1504.0,261.0,1.0,6.0,0.0,51,0
232,0905-4-cjx,6.0,word,1693894358.66529,1504.9999999999998,260.99999999999994,1.0,6.0,0.0,51,0
233,0905-4-cjx,6.0,word,1693894358.6975791,1504.9999999999998,261.9999999999999,1.0,6.0,0.0,51,0
234,0905-4-cjx,6.0,word,1693894358.7298155,1504.9999999999998,261.9999999999999,0.0,6.0,0.0,51,0
235,0905-4-cjx,6.0,word,1693894358.7457297,1506.0000000000002,262.0,1.0,6.0,0.0,51,0
236,0905-4-cjx,6.0,word,1693894358.7781758,1506.0000000000002,262.0,0.0,6.0,0.0,51,0
237,0905-4-cjx,6.0,word,1693894358.8097277,1506.0000000000002,262.0,0.0,6.0,0.0,51,0
238,0905-4-cjx,6.0,word,1693894358.8417702,1506.9999999999998,263.00000000000006,1.4142135623730951,6.0,0.0,50,0
239,0905-4-cjx,6.0,word,1693894358.873477,1506.9999999999998,263.00000000000006,0.0,6.0,0.0,50,0
240,0905-4-cjx,6.0,word,1693894358.9056263,1506.9999999999998,263.00000000000006,0.0,6.0,0.0,50,0
241,0905-4-cjx,6.0,word,1693894358.9378588,1506.0,263.0,1.0,6.0,0.0,51,0
242,0905-4-cjx,6.0,word,1693894358.9701157,1505.0,263.0,1.0,6.0,0.0,51,0
243,0905-4-cjx,6.0,word,1693894359.0022297,1504.0,263.00000000000006,1.0,6.0,0.0,51,0
244,0905-4-cjx,6.0,word,1693894359.0181437,1503.0000000000002,263.0,1.0,6.0,0.0,51,0
245,0905-4-cjx,6.0,word,1693894359.0494182,1500.9999999999998,263.0,2.0,6.0,0.0,51,0
246,0905-4-cjx,6.0,word,1693894359.0814302,1500.0,263.99999999999994,1.4142135623730951,6.0,0.0,51,0
247,0905-4-cjx,6.0,word,1693894359.1136394,1498.0000000000002,264.0,2.0,6.0,0.0,51,0
248,0905-4-cjx,6.0,word,1693894359.1458786,1496.9999999999998,263.99999999999994,1.0,6.0,0.0,52,0
249,0905-4-cjx,6.0,word,1693894359.1780615,1495.0,264.0,2.0,6.0,0.0,52,0
250,0905-4-cjx,6.0,word,1693894359.209731,1494.0,263.9999999999999,1.0,6.0,0.0,52,0
251,0905-4-cjx,6.0,word,1693894359.2417002,1494.0,263.9999999999999,0.0,6.0,0.0,52,0
252,0905-4-cjx,6.0,word,1693894359.2737477,1495.0,264.0,1.0,6.0,0.0,52,0
253,0905-4-cjx,6.0,word,1693894359.2900274,1496.0,264.9999999999999,1.4142135623730951,6.0,0.0,52,0
254,0905-4-cjx,6.0,word,1693894359.3221557,1498.0,265.0,2.0,6.0,0.0,51,0
255,0905-4-cjx,6.0,word,1693894359.3540645,1498.9999999999998,264.99999999999994,1.0,6.0,0.0,51,0
256,0905-4-cjx,6.0,word,1693894359.3857,1500.0000000000002,265.99999999999994,1.4142135623730951,6.0,0.0,51,0
257,0905-4-cjx,6.0,word,1693894359.4181125,1502.0,265.99999999999994,2.0,6.0,0.0,51,0
258,0905-4-cjx,6.0,word,1693894359.4500892,1503.0,267.0,1.4142135623730951,6.0,0.0,51,0
259,0905-4-cjx,6.0,word,1693894359.4821875,1503.9999999999998,268.0,1.4142135623730951,6.0,0.0,51,0
260,0905-4-cjx,6.0,word,1693894359.513488,1505.0000000000002,270.0,2.23606797749979,6.0,0.0,51,0
261,0905-4-cjx,6.0,word,1693894359.5296938,1506.0,271.0,1.4142135623730951,6.0,0.0,51,0
262,0905-4-cjx,6.0,word,1693894359.561733,1501.0,270.99999999999994,5.0,6.0,0.0,51,0
263,0905-4-cjx,6.0,word,1693894359.593351,1443.0,270.9999999999999,58.0,6.0,0.0,22,0
264,0905-4-cjx,6.0,word,1693894359.6253831,1182.0,283.99999999999994,261.3235542388018,6.0,0.0,0,0
265,0905-4-cjx,6.0,word,1693894359.6579146,804.0,316.99999999999994,379.4377419287649,6.0,0.0,0,1
266,0905-4-cjx,6.0,word,1693894359.689283,606.0,333.9999999999999,198.72845795205075,6.0,0.0,0,1
267,0905-4-cjx,6.0,word,1693894359.7212818,527.0,343.0,79.51100552753688,6.0,0.0,2,1
268,0905-4-cjx,6.0,word,1693894359.7533913,495.0,346.0,32.14031735997639,6.0,0.0,7,1
269,0905-4-cjx,6.0,word,1693894359.7853086,482.0,350.0,13.601470508735444,6.0,0.0,19,1
270,0905-4-cjx,6.0,word,1693894359.817616,463.0,352.99999999999994,19.235384061671343,6.0,0.0,18,1
271,0905-4-cjx,6.0,word,1693894359.8336992,449.0,353.99999999999994,14.0356688476182,6.0,0.0,18,2
272,0905-4-cjx,6.0,word,1693894359.865646,441.0,354.99999999999994,8.06225774829855,6.0,0.0,18,2
273,0905-4-cjx,6.0,word,1693894359.8978128,434.9999999999999,354.99999999999994,6.0,6.0,0.0,18,2
274,0905-4-cjx,6.0,word,1693894359.9294517,432.0,355.00000000000006,3.0,6.0,0.0,18,2
275,0905-4-cjx,6.0,word,1693894359.961517,429.0,353.9999999999999,3.1622776601683795,6.0,0.0,17,2
276,0905-4-cjx,6.0,word,1693894359.9940474,426.00000000000006,352.99999999999994,3.1622776601683795,6.0,0.0,17,1
277,0905-4-cjx,6.0,word,1693894360.0253644,422.9999999999999,351.99999999999994,3.1622776601683795,6.0,0.0,16,1
278,0905-4-cjx,6.0,word,1693894360.0577452,422.0,350.99999999999994,1.4142135623730951,6.0,0.0,16,1
279,0905-4-cjx,6.0,word,1693894360.074067,422.0,349.99999999999994,1.0,6.0,0.0,16,1
280,0905-4-cjx,6.0,word,1693894360.1061332,429.00000000000006,348.0,7.280109889280518,6.0,0.0,17,1
281,0905-4-cjx,6.0,word,1693894360.1375098,435.00000000000006,346.99999999999994,6.082762530298219,6.0,0.0,18,1
282,0905-4-cjx,6.0,word,1693894360.1701443,441.0,345.99999999999994,6.082762530298219,6.0,0.0,18,1
283,0905-4-cjx,6.0,word,1693894360.2031105,449.9999999999999,343.99999999999994,9.219544457292889,6.0,0.0,18,1
284,0905-4-cjx,6.0,word,1693894360.233379,458.99999999999983,342.0,9.219544457292889,6.0,0.0,18,1
285,0905-4-cjx,6.0,word,1693894360.2654314,467.99999999999983,339.99999999999994,9.219544457292889,6.0,0.0,19,1
286,0905-4-cjx,6.0,word,1693894360.2975717,487.9999999999999,338.0,20.09975124224178,6.0,0.0,7,1
287,0905-4-cjx,6.0,word,1693894360.329975,545.0000000000001,333.99999999999994,57.14017850864661,6.0,0.0,2,1
288,0905-4-cjx,6.0,word,1693894360.3459115,601.9999999999999,328.99999999999994,57.21887800367987,6.0,0.0,2,1
289,0905-4-cjx,6.0,word,1693894360.3780909,643.9999999999999,325.99999999999994,42.1070065428546,6.0,0.0,4,1
290,0905-4-cjx,6.0,word,1693894360.409526,672.9999999999999,322.99999999999994,29.154759474226505,6.0,0.0,6,1
291,0905-4-cjx,6.0,word,1693894360.4417796,691.0,322.0,18.027756377319943,6.0,0.0,6,1
292,0905-4-cjx,6.0,word,1693894360.4739227,703.0000000000002,322.00000000000006,12.0,6.0,0.0,7,1
293,0905-4-cjx,6.0,word,1693894360.5061529,711.0,323.0,8.06225774829855,6.0,0.0,6,1
294,0905-4-cjx,6.0,word,1693894360.537307,717.0,324.0,6.082762530298219,6.0,0.0,6,1
295,0905-4-cjx,6.0,word,1693894360.5693347,721.0,324.9999999999999,4.123105625617661,6.0,0.0,6,1
296,0905-4-cjx,6.0,word,1693894360.6013637,758.9999999999999,321.99999999999994,38.11823710509184,6.0,0.0,5,1
297,0905-4-cjx,6.0,word,1693894360.633375,810.9999999999999,316.9999999999999,52.23983154643591,6.0,0.0,2,1
298,0905-4-cjx,6.0,word,1693894360.649539,851.9999999999999,312.99999999999994,41.19465984809196,6.0,0.0,3,1
299,0905-4-cjx,6.0,word,1693894360.681609,880.0,309.99999999999994,28.16025568065745,6.0,0.0,2,1
300,0905-4-cjx,6.0,word,1693894360.713566,899.0,308.0,19.1049731745428,6.0,0.0,3,1
301,0905-4-cjx,6.0,word,1693894360.7459712,961.0,305.00000000000006,62.07253821135398,6.0,0.0,2,1
302,0905-4-cjx,6.0,word,1693894360.7775605,1023.0,304.0,62.00806399170998,6.0,0.0,2,1
303,0905-4-cjx,6.0,word,1693894360.8098395,1064.9999999999995,303.99999999999994,42.0,6.0,0.0,4,1
304,0905-4-cjx,6.0,word,1693894360.8429024,1090.0000000000002,303.0,25.019992006393608,6.0,0.0,4,1
305,0905-4-cjx,6.0,word,1693894360.873934,1104.0000000000005,304.0,14.0356688476182,6.0,0.0,5,1
306,0905-4-cjx,6.0,word,1693894360.889495,1113.9999999999998,303.00000000000006,10.04987562112089,6.0,0.0,5,1
307,0905-4-cjx,6.0,word,1693894360.9213789,1137.0,303.99999999999994,23.021728866442675,6.0,0.0,7,1
308,0905-4-cjx,6.0,word,1693894360.9536738,1160.9999999999998,304.99999999999994,24.020824298928627,6.0,0.0,7,1
309,0905-4-cjx,6.0,word,1693894360.985818,1178.0000000000002,306.99999999999994,17.11724276862369,6.0,0.0,6,1
310,0905-4-cjx,6.0,word,1693894361.0179992,1190.0,307.99999999999994,12.041594578792296,6.0,0.0,6,1
311,0905-4-cjx,6.0,word,1693894361.0499957,1197.9999999999998,308.9999999999999,8.06225774829855,6.0,0.0,6,1
312,0905-4-cjx,6.0,word,1693894361.081983,1202.9999999999998,309.00000000000006,5.0,6.0,0.0,5,1
313,0905-4-cjx,6.0,word,1693894361.1139743,1235.0,313.0,32.2490309931942,6.0,0.0,5,1
314,0905-4-cjx,6.0,word,1693894361.14562,1290.0,315.99999999999994,55.08175741568164,6.0,0.0,2,1
315,0905-4-cjx,6.0,word,1693894361.1620207,1334.9999999999998,318.9999999999999,45.09988913511872,6.0,0.0,3,1
316,0905-4-cjx,6.0,word,1693894361.1940649,1365.0,319.99999999999994,30.01666203960727,6.0,0.0,8,1
317,0905-4-cjx,6.0,word,1693894361.225402,1385.9999999999998,320.99999999999994,21.02379604162864,6.0,0.0,8,1
318,0905-4-cjx,6.0,word,1693894361.257399,1398.9999999999998,320.9999999999999,13.0,6.0,0.0,7,1
319,0905-4-cjx,6.0,word,1693894361.2899342,1408.0,320.9999999999999,9.0,6.0,0.0,7,1
320,0905-4-cjx,6.0,word,1693894361.3219235,1414.9999999999998,320.99999999999994,7.0,6.0,0.0,7,1
321,0905-4-cjx,6.0,word,1693894361.353933,1419.0000000000002,321.0,4.0,6.0,0.0,7,1
322,0905-4-cjx,6.0,word,1693894361.3853326,1419.0000000000002,321.0,0.0,6.0,0.0,7,1
323,0905-4-cjx,6.0,word,1693894361.4015882,1388.0000000000002,336.0,34.438350715445125,6.0,0.0,8,1
324,0905-4-cjx,6.0,word,1693894361.4338272,1234.0,340.00000000000006,154.0519392932137,6.0,0.0,0,1
325,0905-4-cjx,6.0,word,1693894361.465784,1059.0000000000002,345.99999999999994,175.10282693320517,6.0,0.0,0,1
326,0905-4-cjx,6.0,word,1693894361.4980834,812.9999999999999,367.0,246.89471440271865,6.0,0.0,0,2
327,0905-4-cjx,6.0,word,1693894361.5296905,673.0000000000001,377.0,140.356688476182,6.0,0.0,0,2
328,0905-4-cjx,6.0,word,1693894361.561973,604.0,379.9999999999999,69.06518659932803,6.0,0.0,1,2
329,0905-4-cjx,6.0,word,1693894361.594001,545.0,387.0,59.4138031100518,6.0,0.0,3,2
330,0905-4-cjx,6.0,word,1693894361.626025,507.99999999999983,388.9999999999999,37.05401462729781,6.0,0.0,4,2
331,0905-4-cjx,6.0,word,1693894361.6573937,489.0,390.0,19.026297590440446,6.0,0.0,4,2
332,0905-4-cjx,6.0,word,1693894361.6895242,478.0,388.9999999999999,11.04536101718726,6.0,0.0,3,2
333,0905-4-cjx,6.0,word,1693894361.7058504,478.0,394.0,5.0,6.0,0.0,3,2
334,0905-4-cjx,6.0,word,1693894361.8020222,586.0,518.0,164.43843832875572,6.0,0.0,2,4
335,0905-4-cjx,6.0,word,1693894361.834,607.9999999999999,476.9999999999999,46.52956049652737,6.0,0.0,5,4
336,0905-4-cjx,6.0,word,1693894361.8661482,599.0,464.0,15.811388300841896,6.0,0.0,8,3
337,0905-4-cjx,6.0,word,1693894361.8973649,591.0000000000001,452.9999999999999,13.601470508735444,6.0,0.0,7,3
338,0905-4-cjx,6.0,word,1693894361.9294784,584.0000000000001,440.0,14.7648230602334,6.0,0.0,8,3
339,0905-4-cjx,6.0,word,1693894361.961816,578.0000000000001,429.0,12.529964086141668,6.0,0.0,8,3
340,0905-4-cjx,6.0,word,1693894361.977729,571.9999999999999,418.9999999999999,11.6619037896906,6.0,0.0,7,3
341,0905-4-cjx,6.0,word,1693894362.0102975,566.0,412.0,9.219544457292889,6.0,0.0,7,2
342,0905-4-cjx,6.0,word,1693894362.0413597,593.0000000000001,404.0,28.16025568065745,6.0,0.0,7,2
343,0905-4-cjx,6.0,word,1693894362.073507,627.0,397.0,34.713109915419565,6.0,0.0,7,2
344,0905-4-cjx,6.0,word,1693894362.1058276,658.0,390.0,31.78049716414141,6.0,0.0,4,2
345,0905-4-cjx,6.0,word,1693894362.1380053,682.0,386.00000000000006,24.33105012119288,6.0,0.0,7,2
346,0905-4-cjx,6.0,word,1693894362.1694725,701.0,381.0,19.6468827043885,6.0,0.0,34,2
347,0905-4-cjx,6.0,word,1693894362.201474,716.0,378.0,15.297058540778355,6.0,0.0,35,2
348,0905-4-cjx,6.0,word,1693894362.2339375,726.9999999999999,374.0,11.704699910719626,6.0,0.0,34,2
349,0905-4-cjx,6.0,word,1693894362.2499478,736.0,371.0,9.486832980505138,6.0,0.0,35,2
350,0905-4-cjx,6.0,word,1693894362.282161,741.0,370.0,5.0990195135927845,6.0,0.0,35,2
351,0905-4-cjx,6.0,word,1693894362.3134143,745.9999999999999,368.9999999999999,5.0990195135927845,6.0,0.0,34,2
352,0905-4-cjx,6.0,word,1693894362.3454208,749.0,368.9999999999999,3.0,6.0,0.0,34,2
353,0905-4-cjx,6.0,word,1693894362.3777506,749.9999999999999,368.0,1.4142135623730951,6.0,0.0,34,2
354,0905-4-cjx,6.0,word,1693894362.409839,752.9999999999999,368.0,3.0,6.0,0.0,35,2
355,0905-4-cjx,6.0,word,1693894362.4418368,754.9999999999999,368.0,2.0,6.0,0.0,35,2
356,0905-4-cjx,6.0,word,1693894362.4740365,753.0,368.9999999999999,2.23606797749979,6.0,0.0,35,2
357,0905-4-cjx,6.0,word,1693894362.5056417,752.0,370.0,1.4142135623730951,6.0,0.0,35,2
358,0905-4-cjx,6.0,word,1693894362.5218215,751.0,371.0,1.4142135623730951,6.0,0.0,35,2
359,0905-4-cjx,6.0,word,1693894362.5538986,749.9999999999998,370.9999999999999,1.0,6.0,0.0,34,2
360,0905-4-cjx,6.0,word,1693894362.586038,749.9999999999998,370.9999999999999,0.0,6.0,0.0,34,2
361,0905-4-cjx,6.0,word,1693894362.6173458,749.0,372.0,1.4142135623730951,6.0,0.0,34,2
362,0905-4-cjx,6.0,word,1693894362.649785,749.0,373.0,1.0,6.0,0.0,34,2
363,0905-4-cjx,6.0,word,1693894362.6817846,749.0,373.0,0.0,6.0,0.0,34,2
364,0905-4-cjx,6.0,word,1693894362.713261,748.0,374.0,1.4142135623730951,6.0,0.0,34,2
365,0905-4-cjx,6.0,word,1693894362.7461703,748.0,374.0,0.0,6.0,0.0,34,2
366,0905-4-cjx,6.0,word,1693894362.7772908,747.0000000000001,375.0,1.4142135623730951,6.0,0.0,34,2
367,0905-4-cjx,6.0,word,1693894362.7933836,747.0000000000001,375.0,0.0,6.0,0.0,34,2
368,0905-4-cjx,6.0,word,1693894362.8256898,746.0,374.9999999999999,1.0,6.0,0.0,34,2
369,0905-4-cjx,6.0,word,1693894362.8581052,746.0,374.9999999999999,0.0,6.0,0.0,34,2
370,0905-4-cjx,6.0,word,1693894362.889326,746.0,374.9999999999999,0.0,6.0,0.0,34,2
371,0905-4-cjx,6.0,word,1693894362.9218016,746.0,374.9999999999999,0.0,6.0,0.0,34,2
372,0905-4-cjx,6.0,word,1693894362.953982,746.0,374.9999999999999,0.0,6.0,0.0,34,2
373,0905-4-cjx,6.0,word,1693894362.9853148,746.0,374.9999999999999,0.0,6.0,0.0,34,2
374,0905-4-cjx,6.0,word,1693894363.0174572,746.0,374.9999999999999,0.0,6.0,0.0,34,2
375,0905-4-cjx,6.0,word,1693894363.0338438,746.0,374.9999999999999,0.0,6.0,0.0,34,2
376,0905-4-cjx,6.0,word,1693894363.065936,746.0,374.9999999999999,0.0,6.0,0.0,34,2
377,0905-4-cjx,6.0,word,1693894363.0981903,746.0,374.9999999999999,0.0,6.0,0.0,34,2
378,0905-4-cjx,6.0,word,1693894363.129483,750.0,375.0,4.0,6.0,0.0,34,2
379,0905-4-cjx,6.0,word,1693894363.1615174,767.0,373.9999999999999,17.029386365926403,6.0,0.0,34,2
380,0905-4-cjx,6.0,word,1693894363.1935165,791.0,373.0,24.020824298928627,6.0,0.0,34,2
381,0905-4-cjx,6.0,word,1693894363.2254827,814.0,372.0,23.021728866442675,6.0,0.0,6,2
382,0905-4-cjx,6.0,word,1693894363.2574632,834.0000000000001,370.0,20.09975124224178,6.0,0.0,6,2
383,0905-4-cjx,6.0,word,1693894363.2897675,851.0,370.0,17.0,6.0,0.0,8,2
384,0905-4-cjx,6.0,word,1693894363.3059452,862.0000000000001,370.0,11.0,6.0,0.0,8,2
385,0905-4-cjx,6.0,word,1693894363.3373792,869.9999999999999,369.0,8.06225774829855,6.0,0.0,9,2
386,0905-4-cjx,6.0,word,1693894363.3699372,887.0,367.0,17.11724276862369,6.0,0.0,8,2
387,0905-4-cjx,6.0,word,1693894363.401934,902.0,366.0,15.033296378372908,6.0,0.0,8,2
388,0905-4-cjx,6.0,word,1693894363.4338858,912.9999999999998,365.0,11.04536101718726,6.0,0.0,8,2
389,0905-4-cjx,6.0,word,1693894363.4653754,922.0,364.0,9.055385138137416,6.0,0.0,7,2
390,0905-4-cjx,6.0,word,1693894363.497686,928.9999999999998,364.9999999999999,7.071067811865476,6.0,0.0,6,2
391,0905-4-cjx,6.0,word,1693894363.5301318,965.0,364.0,36.013886210738214,6.0,0.0,5,2
392,0905-4-cjx,6.0,word,1693894363.5612648,1017.9999999999995,364.0,53.0,6.0,0.0,2,2
393,0905-4-cjx,6.0,word,1693894363.5781486,1060.0,365.0,42.01190307520001,6.0,0.0,4,2
394,0905-4-cjx,6.0,word,1693894363.6094763,1088.0000000000002,365.0,28.0,6.0,0.0,9,2
395,0905-4-cjx,6.0,word,1693894363.6415086,1107.0000000000002,365.0,19.0,6.0,0.0,11,2
396,0905-4-cjx,6.0,word,1693894363.6736708,1119.0,364.0,12.041594578792296,6.0,0.0,13,2
397,0905-4-cjx,6.0,word,1693894363.705748,1127.9999999999998,363.0,9.055385138137416,6.0,0.0,14,2
398,0905-4-cjx,6.0,word,1693894363.739026,1133.9999999999998,362.9999999999999,6.0,6.0,0.0,15,2
399,0905-4-cjx,6.0,word,1693894363.7694163,1139.0000000000002,363.0,5.0,6.0,0.0,15,2
400,0905-4-cjx,6.0,word,1693894363.801572,1141.9999999999998,363.9999999999999,3.1622776601683795,6.0,0.0,15,2
401,0905-4-cjx,6.0,word,1693894363.8337257,1145.0000000000002,364.0,3.0,6.0,0.0,15,2
402,0905-4-cjx,6.0,word,1693894363.8499334,1147.0,364.0,2.0,6.0,0.0,15,2
403,0905-4-cjx,6.0,word,1693894363.8820722,1155.0,364.0,8.0,6.0,0.0,14,2
404,0905-4-cjx,6.0,word,1693894363.9132802,1164.0000000000002,363.0,9.055385138137416,6.0,0.0,14,2
405,0905-4-cjx,6.0,word,1693894363.94531,1172.0,363.0,8.0,6.0,0.0,13,2
406,0905-4-cjx,6.0,word,1693894363.9773138,1178.0000000000002,363.0,6.0,6.0,0.0,13,2
407,0905-4-cjx,6.0,word,1693894364.0092814,1183.0,363.0,5.0,6.0,0.0,13,2
408,0905-4-cjx,6.0,word,1693894364.041309,1187.0000000000002,363.0,4.0,6.0,0.0,13,2
409,0905-4-cjx,6.0,word,1693894364.0736518,1196.0,364.0,9.055385138137416,6.0,0.0,12,2
410,0905-4-cjx,6.0,word,1693894364.1059475,1242.9999999999995,367.0,47.09564735726647,6.0,0.0,4,2
411,0905-4-cjx,6.0,word,1693894364.1231449,1297.0000000000002,371.0,54.147945482723536,6.0,0.0,2,2
412,0905-4-cjx,6.0,word,1693894364.153394,1341.0,373.0,44.04543109109048,6.0,0.0,3,2
413,0905-4-cjx,6.0,word,1693894364.1853435,1370.9999999999998,375.0,30.066592756745816,6.0,0.0,10,2
414,0905-4-cjx,6.0,word,1693894364.2177787,1392.0,377.0,21.095023109728988,6.0,0.0,13,2
415,0905-4-cjx,6.0,word,1693894364.2503226,1404.9999999999998,378.9999999999999,13.152946437965904,6.0,0.0,18,2
416,0905-4-cjx,6.0,word,1693894364.2813327,1414.0,378.9999999999999,9.0,6.0,0.0,18,2
417,0905-4-cjx,6.0,word,1693894364.3136222,1420.0000000000002,380.0,6.082762530298219,6.0,0.0,18,2
418,0905-4-cjx,6.0,word,1693894364.345679,1424.0,380.0,4.0,6.0,0.0,18,2
419,0905-4-cjx,6.0,word,1693894364.3779984,1427.0000000000002,380.0,3.0,6.0,0.0,18,2
420,0905-4-cjx,6.0,word,1693894364.39346,1429.0000000000002,380.0,2.0,6.0,0.0,18,2
421,0905-4-cjx,6.0,word,1693894364.4253745,1431.0,379.9999999999999,2.0,6.0,0.0,18,2
422,0905-4-cjx,6.0,word,1693894364.4576304,1432.9999999999998,380.0,2.0,6.0,0.0,18,2
423,0905-4-cjx,6.0,word,1693894364.4900825,1438.9999999999998,381.0,6.082762530298219,6.0,0.0,17,2
424,0905-4-cjx,6.0,word,1693894364.5213122,1446.0,381.0,7.0,6.0,0.0,16,2
425,0905-4-cjx,6.0,word,1693894364.5542023,1452.0,381.9999999999999,6.082762530298219,6.0,0.0,16,2
426,0905-4-cjx,6.0,word,1693894364.5862017,1456.9999999999998,382.0,5.0,6.0,0.0,15,2
427,0905-4-cjx,6.0,word,1693894364.6175325,1461.0000000000002,382.0,4.0,6.0,0.0,15,2
428,0905-4-cjx,6.0,word,1693894364.6497798,1463.9999999999998,381.9999999999999,3.0,6.0,0.0,15,2
429,0905-4-cjx,6.0,word,1693894364.665698,1467.0000000000002,382.0,3.0,6.0,0.0,15,2
430,0905-4-cjx,6.0,word,1693894364.6981366,1459.0000000000005,382.0,8.0,6.0,0.0,15,2
431,0905-4-cjx,6.0,word,1693894364.7295597,1382.0,383.0,77.00649323271382,6.0,0.0,0,2
432,0905-4-cjx,6.0,word,1693894364.7620735,1075.0,406.0,307.86035795470644,6.0,0.0,0,2
433,0905-4-cjx,6.0,word,1693894364.7935374,838.0,418.9999999999999,237.3562722996804,6.0,0.0,0,3
434,0905-4-cjx,6.0,word,1693894364.8254464,675.9999999999999,432.0,162.5207679036744,6.0,0.0,0,3
435,0905-4-cjx,6.0,word,1693894364.857751,599.9999999999999,437.0,76.16429609731846,6.0,0.0,1,3
436,0905-4-cjx,6.0,word,1693894364.890088,563.0,441.0,37.21558813185679,6.0,0.0,2,3
437,0905-4-cjx,6.0,word,1693894364.9215283,507.0,450.0,56.71860364994893,6.0,0.0,5,3
438,0905-4-cjx,6.0,word,1693894364.9374511,477.0,454.0,30.26549190084312,6.0,0.0,30,3
439,0905-4-cjx,6.0,word,1693894364.969871,460.0,455.9999999999999,17.11724276862369,6.0,0.0,29,3
440,0905-4-cjx,6.0,word,1693894365.0018675,450.00000000000006,455.0000000000001,10.04987562112089,6.0,0.0,28,3
441,0905-4-cjx,6.0,word,1693894365.0339904,444.0,453.0,6.324555320336759,6.0,0.0,27,3
442,0905-4-cjx,6.0,word,1693894365.066163,440.9999999999999,452.0,3.1622776601683795,6.0,0.0,25,3
443,0905-4-cjx,6.0,word,1693894365.0974612,438.0,453.0,3.1622776601683795,6.0,0.0,24,3
444,0905-4-cjx,6.0,word,1693894365.1300328,436.00000000000006,453.0,2.0,6.0,0.0,23,3
445,0905-4-cjx,6.0,word,1693894365.1622157,434.9999999999999,452.0,1.4142135623730951,6.0,0.0,22,3
446,0905-4-cjx,6.0,word,1693894365.1932397,434.0,452.0,1.0,6.0,0.0,22,3
447,0905-4-cjx,6.0,word,1693894365.2102232,433.0,452.0,1.0,6.0,0.0,22,3
448,0905-4-cjx,6.0,word,1693894365.241374,431.9999999999999,452.0,1.0,6.0,0.0,22,3
449,0905-4-cjx,6.0,word,1693894365.2738838,431.9999999999999,452.0,0.0,6.0,0.0,22,3
450,0905-4-cjx,6.0,word,1693894365.3058045,436.00000000000006,452.0,4.0,6.0,0.0,23,3
451,0905-4-cjx,6.0,word,1693894365.3379843,439.0,452.0,3.0,6.0,0.0,24,3
452,0905-4-cjx,6.0,word,1693894365.3695076,443.0,450.99999999999983,4.123105625617661,6.0,0.0,25,3
453,0905-4-cjx,6.0,word,1693894365.401502,450.0,452.0,7.071067811865476,6.0,0.0,28,3
454,0905-4-cjx,6.0,word,1693894365.433508,458.0,452.0,8.0,6.0,0.0,29,3
455,0905-4-cjx,6.0,word,1693894365.465577,467.0,452.0,9.0,6.0,0.0,29,3
456,0905-4-cjx,6.0,word,1693894365.481815,475.0,453.0,8.06225774829855,6.0,0.0,30,3
457,0905-4-cjx,6.0,word,1693894365.5139613,481.0,454.0,6.082762530298219,6.0,0.0,30,3
458,0905-4-cjx,6.0,word,1693894365.5452497,486.0,455.0000000000001,5.0990195135927845,6.0,0.0,31,3
459,0905-4-cjx,6.0,word,1693894365.5777097,490.9999999999999,455.0,5.0,6.0,0.0,31,3
460,0905-4-cjx,6.0,word,1693894365.6101575,495.00000000000006,457.0,4.47213595499958,6.0,0.0,32,3
461,0905-4-cjx,6.0,word,1693894365.6413336,499.0,458.0,4.123105625617661,6.0,0.0,19,3
462,0905-4-cjx,6.0,word,1693894365.673738,501.0,459.0,2.23606797749979,6.0,0.0,18,3
463,0905-4-cjx,6.0,word,1693894365.7057974,504.0,460.0,3.1622776601683795,6.0,0.0,18,3
464,0905-4-cjx,6.0,word,1693894365.7220566,507.0,461.0,3.1622776601683795,6.0,0.0,17,3
465,0905-4-cjx,6.0,word,1693894365.7537904,509.0,461.9999999999999,2.23606797749979,6.0,0.0,17,3
466,0905-4-cjx,6.0,word,1693894365.7858293,517.0,462.0,8.0,6.0,0.0,17,3
467,0905-4-cjx,6.0,word,1693894365.8179274,531.0,461.9999999999999,14.0,6.0,0.0,15,3
468,0905-4-cjx,6.0,word,1693894365.8493106,546.0,461.0,15.033296378372908,6.0,0.0,14,3
469,0905-4-cjx,6.0,word,1693894365.8814957,557.0,461.0,11.0,6.0,0.0,12,3
470,0905-4-cjx,6.0,word,1693894365.9136302,565.9999999999999,460.99999999999983,9.0,6.0,0.0,9,3
471,0905-4-cjx,6.0,word,1693894365.945738,574.0,460.00000000000006,8.06225774829855,6.0,0.0,6,3
472,0905-4-cjx,6.0,word,1693894365.9777627,601.9999999999999,457.9999999999999,28.0713376952364,6.0,0.0,5,3
473,0905-4-cjx,6.0,word,1693894365.9937778,654.0,453.0,52.23983154643591,6.0,0.0,2,3
474,0905-4-cjx,6.0,word,1693894366.026215,698.0,446.9999999999999,44.40720662234904,6.0,0.0,3,3
475,0905-4-cjx,6.0,word,1693894366.057518,731.9999999999999,443.0,34.23448553724738,6.0,0.0,6,3
476,0905-4-cjx,6.0,word,1693894366.089948,755.0000000000001,440.0,23.194827009486403,6.0,0.0,10,3
477,0905-4-cjx,6.0,word,1693894366.1220057,768.9999999999999,438.0,14.142135623730953,6.0,0.0,10,3
478,0905-4-cjx,6.0,word,1693894366.1539588,779.9999999999999,436.0,11.180339887498947,6.0,0.0,12,3
479,0905-4-cjx,6.0,word,1693894366.1861732,787.0,434.9999999999999,7.071067811865476,6.0,0.0,13,3
480,0905-4-cjx,6.0,word,1693894366.2175658,792.9999999999999,433.9999999999999,6.082762530298219,6.0,0.0,14,3
481,0905-4-cjx,6.0,word,1693894366.250037,796.0,433.0,3.1622776601683795,6.0,0.0,14,3
482,0905-4-cjx,6.0,word,1693894366.26595,799.0,432.0,3.1622776601683795,6.0,0.0,15,3
483,0905-4-cjx,6.0,word,1693894366.2979774,800.9999999999999,432.0,2.0,6.0,0.0,15,3
484,0905-4-cjx,6.0,word,1693894366.3300354,813.0,431.0,12.041594578792296,6.0,0.0,17,3
485,0905-4-cjx,6.0,word,1693894366.3613262,824.0,429.9999999999999,11.04536101718726,6.0,0.0,17,3
486,0905-4-cjx,6.0,word,1693894366.3932605,833.9999999999999,429.9999999999999,10.0,6.0,0.0,18,3
487,0905-4-cjx,6.0,word,1693894366.4252405,841.9999999999999,429.0,8.06225774829855,6.0,0.0,19,3
488,0905-4-cjx,6.0,word,1693894366.4575412,848.9999999999999,429.0,7.0,6.0,0.0,19,3
489,0905-4-cjx,6.0,word,1693894366.4900308,853.9999999999999,429.0,5.0,6.0,0.0,18,3
490,0905-4-cjx,6.0,word,1693894366.5219672,859.0000000000001,429.00000000000006,5.0,6.0,0.0,17,3
491,0905-4-cjx,6.0,word,1693894366.5380747,861.9999999999999,429.0,3.0,6.0,0.0,16,3
492,0905-4-cjx,6.0,word,1693894366.569559,864.9999999999999,429.0,3.0,6.0,0.0,14,3
493,0905-4-cjx,6.0,word,1693894366.601608,870.0,429.0,5.0,6.0,0.0,14,3
494,0905-4-cjx,6.0,word,1693894366.6337914,879.9999999999999,429.0,10.0,6.0,0.0,13,3
495,0905-4-cjx,6.0,word,1693894366.6658146,888.9999999999998,428.9999999999999,9.0,6.0,0.0,12,3
496,0905-4-cjx,6.0,word,1693894366.6978123,896.9999999999999,429.0,8.0,6.0,0.0,12,3
497,0905-4-cjx,6.0,word,1693894366.7300472,902.9999999999998,428.9999999999999,6.0,6.0,0.0,11,3
498,0905-4-cjx,6.0,word,1693894366.7622795,910.0,437.0,10.63014581273465,6.0,0.0,10,3
502,0905-4-cjx,6.0,word,1693894366.905795,1040.0,585.0,23.600847442411894,6.0,0.0,1,5
503,0905-4-cjx,6.0,word,1693894366.9379387,1029.9999999999998,570.0,18.027756377319943,6.0,0.0,1,5
504,0905-4-cjx,6.0,word,1693894366.97017,984.0,489.9999999999999,92.28217596047462,6.0,0.0,8,4
505,0905-4-cjx,6.0,word,1693894367.0013218,978.0,478.9999999999999,12.529964086141668,6.0,0.0,9,4
506,0905-4-cjx,6.0,word,1693894367.033323,973.0,469.0,11.180339887498947,6.0,0.0,10,3
507,0905-4-cjx,6.0,word,1693894367.0653927,969.0,461.9999999999999,8.06225774829855,6.0,0.0,10,3
508,0905-4-cjx,6.0,word,1693894367.0974133,966.0000000000002,457.0,5.830951894845301,6.0,0.0,11,3
509,0905-4-cjx,6.0,word,1693894367.1136012,963.9999999999995,452.0,5.385164807134504,6.0,0.0,11,3
510,0905-4-cjx,6.0,word,1693894367.145993,963.0,449.0,3.1622776601683795,6.0,0.0,11,3
511,0905-4-cjx,6.0,word,1693894367.1772628,953.0,449.0,10.0,6.0,0.0,12,3
512,0905-4-cjx,6.0,word,1693894367.2092624,940.0,448.0,13.038404810405298,6.0,0.0,14,3
513,0905-4-cjx,6.0,word,1693894367.2412632,926.9999999999998,447.9999999999999,13.0,6.0,0.0,33,3
514,0905-4-cjx,6.0,word,1693894367.2732637,915.0,447.9999999999999,12.0,6.0,0.0,30,3
515,0905-4-cjx,6.0,word,1693894367.305459,903.9999999999998,447.0,11.04536101718726,6.0,0.0,27,3
516,0905-4-cjx,6.0,word,1693894367.3374536,894.9999999999999,447.0,9.0,6.0,0.0,23,3
517,0905-4-cjx,6.0,word,1693894367.353428,887.0,445.99999999999983,8.06225774829855,6.0,0.0,21,3
518,0905-4-cjx,6.0,word,1693894367.3857658,880.0000000000001,445.0,7.071067811865476,6.0,0.0,21,3
519,0905-4-cjx,6.0,word,1693894367.4177654,875.0,445.0,5.0,6.0,0.0,20,3
520,0905-4-cjx,6.0,word,1693894367.4492836,871.0,444.0,4.123105625617661,6.0,0.0,19,3
521,0905-4-cjx,6.0,word,1693894367.4812696,877.0,443.0,6.082762530298219,6.0,0.0,21,3
522,0905-4-cjx,6.0,word,1693894367.513404,880.9999999999998,442.0,4.123105625617661,6.0,0.0,21,3
523,0905-4-cjx,6.0,word,1693894367.546024,884.0,442.0,3.0,6.0,0.0,21,3
524,0905-4-cjx,6.0,word,1693894367.5780642,886.9999999999999,441.0,3.1622776601683795,6.0,0.0,21,3
525,0905-4-cjx,6.0,word,1693894367.609324,889.0,441.0,2.0,6.0,0.0,22,3
526,0905-4-cjx,6.0,word,1693894367.6253233,891.9999999999999,439.9999999999999,3.1622776601683795,6.0,0.0,23,3
527,0905-4-cjx,6.0,word,1693894367.657522,896.0,440.0,4.0,6.0,0.0,23,3
528,0905-4-cjx,6.0,word,1693894367.6898344,902.0,438.9999999999999,6.082762530298219,6.0,0.0,26,3
529,0905-4-cjx,6.0,word,1693894367.7220616,910.0,438.00000000000006,8.06225774829855,6.0,0.0,29,3
530,0905-4-cjx,6.0,word,1693894367.7541487,916.0,437.0,6.082762530298219,6.0,0.0,29,3
531,0905-4-cjx,6.0,word,1693894367.7861798,922.0,436.0,6.082762530298219,6.0,0.0,31,3
532,0905-4-cjx,6.0,word,1693894367.8181806,926.0,435.0,4.123105625617661,6.0,0.0,32,3
533,0905-4-cjx,6.0,word,1693894367.849637,937.9999999999998,434.0,12.041594578792296,6.0,0.0,21,3
534,0905-4-cjx,6.0,word,1693894367.8817918,952.0,433.0,14.0356688476182,6.0,0.0,23,3
535,0905-4-cjx,6.0,word,1693894367.8979874,962.9999999999998,432.9999999999999,11.0,6.0,0.0,21,3
536,0905-4-cjx,6.0,word,1693894367.9292977,973.0,432.0,10.04987562112089,6.0,0.0,20,3
537,0905-4-cjx,6.0,word,1693894367.9615347,980.9999999999998,430.9999999999999,8.06225774829855,6.0,0.0,19,3
538,0905-4-cjx,6.0,word,1693894367.9936404,987.0,432.00000000000006,6.082762530298219,6.0,0.0,18,3
539,0905-4-cjx,6.0,word,1693894368.0256715,992.0,432.0,5.0,6.0,0.0,18,3
540,0905-4-cjx,6.0,word,1693894368.057819,996.0,432.0,4.0,6.0,0.0,18,3
541,0905-4-cjx,6.0,word,1693894368.0899727,999.0,432.0,3.0,6.0,0.0,18,3
542,0905-4-cjx,6.0,word,1693894368.121344,1001.0000000000002,432.0,2.0,6.0,0.0,18,3
543,0905-4-cjx,6.0,word,1693894368.1532817,1003.0,433.0,2.23606797749979,6.0,0.0,18,3
544,0905-4-cjx,6.0,word,1693894368.1695085,1005.0,433.0,2.0,6.0,0.0,18,3
545,0905-4-cjx,6.0,word,1693894368.2025814,1006.0,433.0,1.0,6.0,0.0,18,3
546,0905-4-cjx,6.0,word,1693894368.233743,1006.0,434.0,1.0,6.0,0.0,18,3
547,0905-4-cjx,6.0,word,1693894368.2657444,1007.0,434.0,1.0,6.0,0.0,18,3
548,0905-4-cjx,6.0,word,1693894368.2977676,1009.0,433.9999999999999,2.0,6.0,0.0,18,3
549,0905-4-cjx,6.0,word,1693894368.329887,1020.0,434.0,11.0,6.0,0.0,18,3
550,0905-4-cjx,6.0,word,1693894368.3619635,1037.0,433.0,17.029386365926403,6.0,0.0,19,3
551,0905-4-cjx,6.0,word,1693894368.394127,1052.0000000000002,433.0,15.0,6.0,0.0,20,3
552,0905-4-cjx,6.0,word,1693894368.4254596,1066.0,432.9999999999999,14.0,6.0,0.0,16,3
553,0905-4-cjx,6.0,word,1693894368.4414458,1076.0,432.0,10.04987562112089,6.0,0.0,11,3
554,0905-4-cjx,6.0,word,1693894368.4734807,1084.9999999999998,432.0,9.0,6.0,0.0,10,3
555,0905-4-cjx,6.0,word,1693894368.505616,1093.0,431.00000000000006,8.06225774829855,6.0,0.0,10,3
556,0905-4-cjx,6.0,word,1693894368.5379276,1098.9999999999998,431.0,6.0,6.0,0.0,10,3
557,0905-4-cjx,6.0,word,1693894368.5699532,1102.9999999999998,431.0,4.0,6.0,0.0,9,3
558,0905-4-cjx,6.0,word,1693894368.6019294,1107.0,430.9999999999999,4.0,6.0,0.0,9,3
559,0905-4-cjx,6.0,word,1693894368.6333165,1109.0,431.0,2.0,6.0,0.0,9,3
560,0905-4-cjx,6.0,word,1693894368.6655197,1134.0000000000002,432.0,25.019992006393608,6.0,0.0,8,3
561,0905-4-cjx,6.0,word,1693894368.6975534,1182.9999999999998,431.9999999999999,49.0,6.0,0.0,2,3
562,0905-4-cjx,6.0,word,1693894368.7145543,1230.9999999999998,432.0,48.0,6.0,0.0,3,3
563,0905-4-cjx,6.0,word,1693894368.7457411,1267.0000000000002,433.0,36.013886210738214,6.0,0.0,5,3
564,0905-4-cjx,6.0,word,1693894368.777861,1290.9999999999998,433.0,24.0,6.0,0.0,8,3
565,0905-4-cjx,6.0,word,1693894368.8102336,1308.0,433.0,17.0,6.0,0.0,8,3
566,0905-4-cjx,6.0,word,1693894368.8412733,1318.9999999999998,432.9999999999999,11.0,6.0,0.0,9,3
567,0905-4-cjx,6.0,word,1693894368.8740332,1327.0,433.0,8.0,6.0,0.0,10,3
568,0905-4-cjx,6.0,word,1693894368.9062097,1332.0000000000002,434.0,5.0990195135927845,6.0,0.0,9,3
569,0905-4-cjx,6.0,word,1693894368.9382124,1335.0,434.0,3.0,6.0,0.0,10,3
570,0905-4-cjx,6.0,word,1693894368.969695,1348.9999999999998,434.9999999999999,14.0356688476182,6.0,0.0,14,3
571,0905-4-cjx,6.0,word,1693894368.9855788,1365.9999999999998,437.0,17.11724276862369,6.0,0.0,15,3
572,0905-4-cjx,6.0,word,1693894369.0176034,1378.0,437.0,12.0,6.0,0.0,18,3
573,0905-4-cjx,6.0,word,1693894369.049605,1388.0000000000002,438.0,10.04987562112089,6.0,0.0,17,3
574,0905-4-cjx,6.0,word,1693894369.081848,1396.0,438.0,8.0,6.0,0.0,15,3
575,0905-4-cjx,6.0,word,1693894369.114111,1401.0,438.0,5.0,6.0,0.0,14,3
576,0905-4-cjx,6.0,word,1693894369.1461108,1405.0,438.0,4.0,6.0,0.0,14,3
577,0905-4-cjx,6.0,word,1693894369.178088,1408.0000000000002,438.0,3.0,6.0,0.0,14,3
578,0905-4-cjx,6.0,word,1693894369.2101164,1410.9999999999998,438.0,3.0,6.0,0.0,14,3
579,0905-4-cjx,6.0,word,1693894369.2260954,1417.0,438.0,6.0,6.0,0.0,13,3
580,0905-4-cjx,6.0,word,1693894369.2575772,1425.0,438.9999999999999,8.06225774829855,6.0,0.0,13,3
581,0905-4-cjx,6.0,word,1693894369.29013,1431.0,439.0,6.0,6.0,0.0,12,3
582,0905-4-cjx,6.0,word,1693894369.3214254,1435.9999999999998,438.9999999999999,5.0,6.0,0.0,12,3
583,0905-4-cjx,6.0,word,1693894369.353471,1439.0,438.9999999999999,3.0,6.0,0.0,12,3
584,0905-4-cjx,6.0,word,1693894369.385632,1416.0,451.9999999999999,26.419689627245813,6.0,0.0,13,3
585,0905-4-cjx,6.0,word,1693894369.417822,1274.0000000000002,459.00000000000006,142.1724305201258,6.0,0.0,0,3
586,0905-4-cjx,6.0,word,1693894369.449312,1045.9999999999995,476.99999999999983,228.70942263055105,6.0,0.0,0,4
587,0905-4-cjx,6.0,word,1693894369.4813156,778.0000000000001,498.9999999999999,268.9014689435519,6.0,0.0,0,4
588,0905-4-cjx,6.0,word,1693894369.5134273,618.0,513.9999999999999,160.70158679988197,6.0,0.0,0,4
589,0905-4-cjx,6.0,word,1693894369.5295146,543.0,521.0000000000001,75.32595834106593,6.0,0.0,4,4
590,0905-4-cjx,6.0,word,1693894369.5616376,509.99999999999983,522.0,33.015148038438355,6.0,0.0,7,4
591,0905-4-cjx,6.0,word,1693894369.5937529,496.0,523.9999999999999,14.142135623730953,6.0,0.0,19,4
592,0905-4-cjx,6.0,word,1693894369.6256366,488.0,522.9999999999999,8.06225774829855,6.0,0.0,19,4
593,0905-4-cjx,6.0,word,1693894369.657661,481.99999999999983,520.9999999999998,6.324555320336759,6.0,0.0,19,4
594,0905-4-cjx,6.0,word,1693894369.6899862,477.0,520.0,5.0990195135927845,6.0,0.0,18,4
595,0905-4-cjx,6.0,word,1693894369.7214987,463.0,522.0000000000001,14.142135623730953,6.0,0.0,18,4
596,0905-4-cjx,6.0,word,1693894369.7536535,452.0000000000001,523.0000000000001,11.04536101718726,6.0,0.0,18,4
597,0905-4-cjx,6.0,word,1693894369.770138,446.0,523.0,6.0,6.0,0.0,16,4
598,0905-4-cjx,6.0,word,1693894369.801777,442.0,523.0,4.0,6.0,0.0,16,4
599,0905-4-cjx,6.0,word,1693894369.8337765,439.0,523.0,3.0,6.0,0.0,16,4
600,0905-4-cjx,6.0,word,1693894369.865725,437.0,522.0000000000001,2.23606797749979,6.0,0.0,16,4
601,0905-4-cjx,6.0,word,1693894369.8979268,436.0,521.9999999999998,1.0,6.0,0.0,16,4
602,0905-4-cjx,6.0,word,1693894369.9300137,441.9999999999999,521.0,6.082762530298219,6.0,0.0,16,4
603,0905-4-cjx,6.0,word,1693894369.9614785,446.0,519.9999999999998,4.123105625617661,6.0,0.0,16,4
604,0905-4-cjx,6.0,word,1693894369.993967,447.99999999999983,519.9999999999999,2.0,6.0,0.0,18,4
605,0905-4-cjx,6.0,word,1693894370.0260255,451.0,518.9999999999999,3.1622776601683795,6.0,0.0,18,4
606,0905-4-cjx,6.0,word,1693894370.042002,456.00000000000006,519.0,5.0,6.0,0.0,18,4
607,0905-4-cjx,6.0,word,1693894370.073305,468.0,517.0,12.16552506059644,6.0,0.0,18,4
608,0905-4-cjx,6.0,word,1693894370.1053283,510.0,510.0,42.579337712087536,6.0,0.0,5,4
609,0905-4-cjx,6.0,word,1693894370.1373043,558.0,505.0,48.25971404805462,6.0,0.0,2,4
610,0905-4-cjx,6.0,word,1693894370.1694925,596.9999999999999,500.0,39.319206502675,6.0,0.0,4,4
611,0905-4-cjx,6.0,word,1693894370.201505,625.0,496.0,28.284271247461906,6.0,0.0,3,4
612,0905-4-cjx,6.0,word,1693894370.233403,646.0,494.0,21.095023109728988,6.0,0.0,4,4
613,0905-4-cjx,6.0,word,1693894370.2655823,659.0000000000001,494.0,13.0,6.0,0.0,4,4
614,0905-4-cjx,6.0,word,1693894370.297714,695.0,494.0,36.0,6.0,0.0,4,4
615,0905-4-cjx,6.0,word,1693894370.3136866,730.9999999999999,493.0,36.013886210738214,6.0,0.0,5,4
616,0905-4-cjx,6.0,word,1693894370.3456876,756.0,492.0,25.019992006393608,6.0,0.0,6,4
617,0905-4-cjx,6.0,word,1693894370.3780134,772.9999999999999,492.00000000000006,17.0,6.0,0.0,5,4
618,0905-4-cjx,6.0,word,1693894370.4093592,784.0,491.9999999999999,11.0,6.0,0.0,6,4
619,0905-4-cjx,6.0,word,1693894370.4414485,792.0,490.99999999999983,8.06225774829855,6.0,0.0,6,4
620,0905-4-cjx,6.0,word,1693894370.47345,797.9999999999999,492.0,6.082762530298219,6.0,0.0,5,4
621,0905-4-cjx,6.0,word,1693894370.5055878,843.0,487.9999999999999,45.17742799230607,6.0,0.0,4,4
622,0905-4-cjx,6.0,word,1693894370.5378616,891.9999999999999,485.0,49.09175083453431,6.0,0.0,3,4
623,0905-4-cjx,6.0,word,1693894370.56997,929.0,483.9999999999999,37.01351104664349,6.0,0.0,4,4
624,0905-4-cjx,6.0,word,1693894370.5858617,954.0,483.0,25.019992006393608,6.0,0.0,4,4
625,0905-4-cjx,6.0,word,1693894370.6178892,971.0,481.9999999999999,17.029386365926403,6.0,0.0,3,4
626,0905-4-cjx,6.0,word,1693894370.6502593,986.0,482.00000000000006,15.0,6.0,0.0,4,4
627,0905-4-cjx,6.0,word,1693894370.681472,1036.9999999999998,482.9999999999999,51.0098029794274,6.0,0.0,2,4
628,0905-4-cjx,6.0,word,1693894370.7133856,1081.0,482.9999999999999,44.0,6.0,0.0,4,4
629,0905-4-cjx,6.0,word,1693894370.7456546,1111.0,480.9999999999999,30.066592756745816,6.0,0.0,10,4
630,0905-4-cjx,6.0,word,1693894370.7779095,1130.0,481.00000000000006,19.0,6.0,0.0,10,4
631,0905-4-cjx,6.0,word,1693894370.81019,1143.0,479.99999999999983,13.038404810405298,6.0,0.0,10,4
632,0905-4-cjx,6.0,word,1693894370.8415115,1150.0,481.0,7.071067811865476,6.0,0.0,10,4
633,0905-4-cjx,6.0,word,1693894370.8575127,1154.0,479.9999999999999,4.123105625617661,6.0,0.0,10,4
634,0905-4-cjx,6.0,word,1693894370.8896413,1158.9999999999998,479.0,5.0990195135927845,6.0,0.0,10,4
635,0905-4-cjx,6.0,word,1693894370.9226162,1162.0,478.9999999999999,3.0,6.0,0.0,10,4
636,0905-4-cjx,6.0,word,1693894370.953615,1165.0,479.0,3.0,6.0,0.0,10,4
637,0905-4-cjx,6.0,word,1693894370.985614,1166.0,479.0,1.0,6.0,0.0,10,4
638,0905-4-cjx,6.0,word,1693894371.0175848,1170.0,479.9999999999999,4.123105625617661,6.0,0.0,10,4
639,0905-4-cjx,6.0,word,1693894371.0492778,1210.0,482.0,40.049968789001575,6.0,0.0,8,4
640,0905-4-cjx,6.0,word,1693894371.081287,1260.9999999999998,484.0,51.03920062069938,6.0,0.0,2,4
641,0905-4-cjx,6.0,word,1693894371.1134424,1302.0000000000002,484.0,41.0,6.0,0.0,3,4
642,0905-4-cjx,6.0,word,1693894371.129817,1330.0,484.0,28.0,6.0,0.0,3,4
643,0905-4-cjx,6.0,word,1693894371.161971,1349.0,484.0,19.0,6.0,0.0,4,4
644,0905-4-cjx,6.0,word,1693894371.1939702,1379.0000000000002,486.0,30.066592756745816,6.0,0.0,7,4
645,0905-4-cjx,6.0,word,1693894371.226113,1404.0000000000002,486.9999999999999,25.019992006393608,6.0,0.0,6,4
646,0905-4-cjx,6.0,word,1693894371.2581322,1420.9999999999995,489.0,17.11724276862369,6.0,0.0,5,4
647,0905-4-cjx,6.0,word,1693894371.290156,1431.9999999999998,489.00000000000006,11.0,6.0,0.0,4,4
648,0905-4-cjx,6.0,word,1693894371.3216178,1412.0,489.9999999999999,20.024984394500787,6.0,0.0,6,4
649,0905-4-cjx,6.0,word,1693894371.3538458,1358.0,493.0,54.08326913195984,6.0,0.0,1,4
650,0905-4-cjx,6.0,word,1693894371.385889,1043.0,520.9999999999999,316.2419959461425,6.0,0.0,0,4
651,0905-4-cjx,6.0,word,1693894371.4020138,753.0,546.0,291.0755915565577,6.0,0.0,0,5
652,0905-4-cjx,6.0,word,1693894371.4335475,609.0,557.9999999999998,144.49913494550754,6.0,0.0,0,5
653,0905-4-cjx,6.0,word,1693894371.465548,545.0,560.9999999999999,64.07027391856539,6.0,0.0,4,5
654,0905-4-cjx,6.0,word,1693894371.4979048,516.0,560.0000000000001,29.017236257093817,6.0,0.0,3,5
655,0905-4-cjx,6.0,word,1693894371.529882,501.0,560.9999999999999,15.033296378372908,6.0,0.0,3,5
656,0905-4-cjx,6.0,word,1693894371.5622308,522.0,556.9999999999999,21.37755832643195,6.0,0.0,3,5
657,0905-4-cjx,6.0,word,1693894371.5933876,601.0,544.0,80.06247560499239,6.0,0.0,1,5
658,0905-4-cjx,6.0,word,1693894371.6258838,650.0000000000001,536.0000000000001,49.64876634922564,6.0,0.0,1,5
659,0905-4-cjx,6.0,word,1693894371.657882,748.0000000000001,522.0000000000001,98.99494936611666,6.0,0.0,0,4
660,0905-4-cjx,6.0,word,1693894371.6738837,838.0000000000001,509.0,90.93404203047392,6.0,0.0,1,4
661,0905-4-cjx,6.0,word,1693894371.7060778,900.9999999999998,500.0,63.63961030678928,6.0,0.0,3,4
662,0905-4-cjx,6.0,word,1693894371.7380548,939.0,495.00000000000006,38.3275357934736,6.0,0.0,3,4
663,0905-4-cjx,6.0,word,1693894371.7694914,961.0,492.0,22.20360331117452,6.0,0.0,4,4
664,0905-4-cjx,6.0,word,1693894371.8013988,988.0,490.0,27.073972741361768,6.0,0.0,4,4
665,0905-4-cjx,6.0,word,1693894371.833489,1024.0,487.0,36.12478373637688,6.0,0.0,6,4
666,0905-4-cjx,6.0,word,1693894371.8659315,1049.0000000000002,485.9999999999999,25.019992006393608,6.0,0.0,11,4
667,0905-4-cjx,6.0,word,1693894371.8980844,1064.9999999999998,484.0,16.1245154965971,6.0,0.0,10,4
668,0905-4-cjx,6.0,word,1693894371.930082,1076.0000000000002,485.0,11.04536101718726,6.0,0.0,9,4
669,0905-4-cjx,6.0,word,1693894371.946087,1082.9999999999998,484.99999999999983,7.0,6.0,0.0,9,4
670,0905-4-cjx,6.0,word,1693894371.9782064,1088.9999999999998,485.0,6.0,6.0,0.0,8,4
671,0905-4-cjx,6.0,word,1693894372.009838,1073.0,486.0,16.0312195418814,6.0,0.0,10,4
672,0905-4-cjx,6.0,word,1693894372.0418386,1062.0000000000002,487.0,11.04536101718726,6.0,0.0,10,4
673,0905-4-cjx,6.0,word,1693894372.0739875,1051.9999999999998,488.0,10.04987562112089,6.0,0.0,10,4
674,0905-4-cjx,6.0,word,1693894372.1060145,1033.0,489.0,19.026297590440446,6.0,0.0,12,4
675,0905-4-cjx,6.0,word,1693894372.13815,1011.9999999999998,491.0,21.095023109728988,6.0,0.0,5,4
676,0905-4-cjx,6.0,word,1693894372.1694503,973.0,493.0,39.05124837953327,6.0,0.0,3,4
677,0905-4-cjx,6.0,word,1693894372.201638,932.0,494.9999999999999,41.04875150354759,6.0,0.0,3,4
678,0905-4-cjx,6.0,word,1693894372.2176564,900.0,497.00000000000006,32.0624390837628,6.0,0.0,9,4
679,0905-4-cjx,6.0,word,1693894372.2500098,879.0000000000001,497.9999999999999,21.02379604162864,6.0,0.0,9,4
680,0905-4-cjx,6.0,word,1693894372.2821355,863.9999999999999,499.0,15.033296378372908,6.0,0.0,8,4
681,0905-4-cjx,6.0,word,1693894372.313555,852.9999999999999,499.99999999999983,11.04536101718726,6.0,0.0,7,4
682,0905-4-cjx,6.0,word,1693894372.3456435,846.9999999999999,500.0,6.0,6.0,0.0,7,4
683,0905-4-cjx,6.0,word,1693894372.3778002,842.0,499.99999999999983,5.0,6.0,0.0,7,4
684,0905-4-cjx,6.0,word,1693894372.4102356,860.0,499.0,18.027756377319943,6.0,0.0,7,4
685,0905-4-cjx,6.0,word,1693894372.441327,877.9999999999999,498.0,18.027756377319943,6.0,0.0,9,4
686,0905-4-cjx,6.0,word,1693894372.4736726,925.0,496.0000000000001,47.042533945356304,6.0,0.0,2,4
687,0905-4-cjx,6.0,word,1693894372.489686,979.0,494.9999999999999,54.00925846556311,6.0,0.0,2,4
688,0905-4-cjx,6.0,word,1693894372.5216532,1022.0,493.99999999999983,43.01162633521314,6.0,0.0,3,4
689,0905-4-cjx,6.0,word,1693894372.5539432,1053.9999999999998,494.0,32.0,6.0,0.0,5,4
690,0905-4-cjx,6.0,word,1693894372.586089,1076.0,493.0,22.02271554554524,6.0,0.0,6,4
691,0905-4-cjx,6.0,word,1693894372.6181145,1091.0,492.0,15.033296378372908,6.0,0.0,7,4
692,0905-4-cjx,6.0,word,1693894372.6498048,1102.0,491.9999999999999,11.0,6.0,0.0,8,4
693,0905-4-cjx,6.0,word,1693894372.6817164,1109.0,492.0,7.0,6.0,0.0,9,4
694,0905-4-cjx,6.0,word,1693894372.713696,1123.0,493.0,14.0356688476182,6.0,0.0,9,4
695,0905-4-cjx,6.0,word,1693894372.746034,1140.0,494.0,17.029386365926403,6.0,0.0,8,4
696,0905-4-cjx,6.0,word,1693894372.7619991,1152.0,497.0,12.36931687685298,6.0,0.0,9,4
697,0905-4-cjx,6.0,word,1693894372.7939982,1162.0,498.99999999999983,10.198039027185567,6.0,0.0,8,4
698,0905-4-cjx,6.0,word,1693894372.8262088,1168.9999999999998,497.99999999999983,7.071067811865476,6.0,0.0,7,4
699,0905-4-cjx,6.0,word,1693894372.858184,1184.0000000000002,497.00000000000006,15.033296378372908,6.0,0.0,7,4
700,0905-4-cjx,6.0,word,1693894372.8895545,1211.0000000000002,497.0,27.0,6.0,0.0,6,4
701,0905-4-cjx,6.0,word,1693894372.9214623,1236.9999999999998,497.9999999999999,26.019223662515376,6.0,0.0,4,4
702,0905-4-cjx,6.0,word,1693894372.953751,1258.0000000000002,498.0,21.0,6.0,0.0,4,4
703,0905-4-cjx,6.0,word,1693894372.985983,1276.0000000000002,497.0,18.027756377319943,6.0,0.0,3,4
704,0905-4-cjx,6.0,word,1693894373.0172927,1312.0000000000002,496.00000000000006,36.013886210738214,6.0,0.0,4,4
705,0905-4-cjx,6.0,word,1693894373.0335631,1340.9999999999998,494.9999999999998,29.017236257093817,6.0,0.0,7,4
706,0905-4-cjx,6.0,word,1693894373.065505,1363.0,495.0,22.0,6.0,0.0,7,4
707,0905-4-cjx,6.0,word,1693894373.0974822,1377.9999999999998,493.0,15.132745950421556,6.0,0.0,6,4
708,0905-4-cjx,6.0,word,1693894373.129723,1388.0000000000002,490.9999999999999,10.198039027185567,6.0,0.0,6,4
709,0905-4-cjx,6.0,word,1693894373.1617525,1395.0000000000002,490.9999999999999,7.0,6.0,0.0,6,4
710,0905-4-cjx,6.0,word,1693894373.1939108,1384.0,487.0,11.704699910719626,6.0,0.0,6,4
711,0905-4-cjx,6.0,word,1693894373.2261958,1342.9999999999998,471.00000000000006,44.01136216933077,6.0,0.0,7,3
712,0905-4-cjx,6.0,word,1693894373.2572544,1135.0,426.0,212.81212371479216,6.0,0.0,0,3
713,0905-4-cjx,6.0,word,1693894373.2893183,1004.0,365.0,144.5060552364502,6.0,0.0,0,2
714,0905-4-cjx,6.0,word,1693894373.3053238,883.9999999999999,326.0,126.17844506887856,6.0,0.0,0,1
715,0905-4-cjx,6.0,word,1693894373.337627,818.0,305.99999999999994,68.96375859826666,6.0,0.0,2,1
716,0905-4-cjx,6.0,word,1693894373.3697586,783.0,293.0,37.33630940518894,6.0,0.0,4,0
717,0905-4-cjx,6.0,word,1693894373.402158,765.0000000000001,287.0,18.97366596101028,6.0,0.0,5,0
718,0905-4-cjx,6.0,word,1693894373.4340782,754.0,284.99999999999994,11.180339887498947,6.0,0.0,4,0
719,0905-4-cjx,6.0,word,1693894373.466102,746.0,284.99999999999994,8.0,6.0,0.0,4,0
720,0905-4-cjx,6.0,word,1693894373.4972365,706.0,285.0,40.0,6.0,0.0,6,0
721,0905-4-cjx,6.0,word,1693894373.5298336,675.9999999999999,285.99999999999994,30.01666203960727,6.0,0.0,8,0
722,0905-4-cjx,6.0,word,1693894373.5619488,655.9999999999999,284.0,20.09975124224178,6.0,0.0,8,0
723,0905-4-cjx,6.0,word,1693894373.577834,643.0000000000001,283.0,13.038404810405298,6.0,0.0,8,0
724,0905-4-cjx,6.0,word,1693894373.6102371,634.0,281.99999999999994,9.055385138137416,6.0,0.0,7,0
725,0905-4-cjx,6.0,word,1693894373.641387,628.0000000000001,279.99999999999994,6.324555320336759,6.0,0.0,6,0
726,0905-4-cjx,6.0,word,1693894373.673635,623.0,280.0,5.0,6.0,0.0,6,0
727,0905-4-cjx,6.0,word,1693894373.7056525,648.0,277.0,25.179356624028344,6.0,0.0,8,0
728,0905-4-cjx,6.0,word,1693894373.7376268,695.0,273.0,47.16990566028302,6.0,0.0,1,0
729,0905-4-cjx,6.0,word,1693894373.769663,773.0,266.0,78.31347265956222,6.0,0.0,0,0
730,0905-4-cjx,6.0,word,1693894373.801673,843.9999999999998,259.99999999999994,71.25307010929424,6.0,0.0,1,0
731,0905-4-cjx,6.0,word,1693894373.8338735,893.9999999999998,254.9999999999999,50.24937810560445,6.0,0.0,3,0
732,0905-4-cjx,6.0,word,1693894373.849848,928.0,252.00000000000003,34.132096331752024,6.0,0.0,4,0
733,0905-4-cjx,6.0,word,1693894373.8821497,950.0,250.0,22.09072203437452,6.0,0.0,4,0
734,0905-4-cjx,6.0,word,1693894373.9132605,965.0,250.0,15.0,6.0,0.0,3,0
735,0905-4-cjx,6.0,word,1693894373.946151,974.0,250.99999999999991,9.055385138137416,6.0,0.0,4,0
736,0905-4-cjx,6.0,word,1693894373.9782135,1031.0,250.0,57.0087712549569,6.0,0.0,2,0
737,0905-4-cjx,6.0,word,1693894374.0093598,1086.0000000000002,250.0,55.0,6.0,0.0,3,0
738,0905-4-cjx,6.0,word,1693894374.0413582,1121.9999999999995,251.0,36.013886210738214,6.0,0.0,7,0
739,0905-4-cjx,6.0,word,1693894374.0736349,1145.0000000000005,250.0,23.021728866442675,6.0,0.0,7,0
740,0905-4-cjx,6.0,word,1693894374.089608,1160.0,250.0,15.0,6.0,0.0,6,0
741,0905-4-cjx,6.0,word,1693894374.122198,1168.9999999999998,250.0,9.0,6.0,0.0,6,0
742,0905-4-cjx,6.0,word,1693894374.154153,1176.0000000000002,250.0,7.0,6.0,0.0,6,0
743,0905-4-cjx,6.0,word,1693894374.185296,1151.9999999999998,263.0,27.29468812791236,6.0,0.0,6,0
744,0905-4-cjx,6.0,word,1693894374.217498,1120.9999999999998,251.0,33.24154027718932,6.0,0.0,7,0
745,0905-4-cjx,6.0,word,1693894374.2499385,1053.9999999999998,252.0,67.00746227100382,6.0,0.0,0,0
746,0905-4-cjx,6.0,word,1693894374.2818997,975.0,254.0,79.02531240052139,6.0,0.0,0,0
747,0905-4-cjx,6.0,word,1693894374.3139694,911.0,259.0,64.19501538281614,6.0,0.0,0,0
748,0905-4-cjx,6.0,word,1693894374.3459392,826.9999999999999,265.99999999999994,84.29116205154607,6.0,0.0,1,0
749,0905-4-cjx,6.0,word,1693894374.3772714,770.0,272.99999999999994,57.42821606144492,6.0,0.0,3,0
750,0905-4-cjx,6.0,word,1693894374.3933947,737.0000000000001,277.99999999999994,33.37663853655727,6.0,0.0,13,0
751,0905-4-cjx,6.0,word,1693894374.4255838,716.9999999999999,279.99999999999994,20.09975124224178,6.0,0.0,13,0
752,0905-4-cjx,6.0,word,1693894374.4579504,706.0,283.0,11.40175425099138,6.0,0.0,12,0
753,0905-4-cjx,6.0,word,1693894374.4901464,698.0,283.00000000000006,8.0,6.0,0.0,12,0
754,0905-4-cjx,6.0,word,1693894374.5213735,692.9999999999999,283.0,5.0,6.0,0.0,12,0
755,0905-4-cjx,6.0,word,1693894374.5533462,689.0,282.0,4.123105625617661,6.0,0.0,12,0
756,0905-4-cjx,6.0,word,1693894374.5854225,691.0,280.0,2.8284271247461903,6.0,0.0,12,0
757,0905-4-cjx,6.0,word,1693894374.6176224,695.0000000000001,280.0,4.0,6.0,0.0,12,0
758,0905-4-cjx,6.0,word,1693894374.6339247,698.0,280.00000000000006,3.0,6.0,0.0,12,0
759,0905-4-cjx,6.0,word,1693894374.66609,700.0,280.0,2.0,6.0,0.0,12,0
760,0905-4-cjx,6.0,word,1693894374.697334,701.0,280.0,1.0,6.0,0.0,12,0
761,0905-4-cjx,6.0,word,1693894374.7293396,705.0000000000001,280.0,4.0,6.0,0.0,12,0
762,0905-4-cjx,6.0,word,1693894374.761643,743.9999999999998,277.99999999999994,39.05124837953327,6.0,0.0,14,0
763,0905-4-cjx,6.0,word,1693894374.7938068,803.9999999999999,274.99999999999994,60.07495318350236,6.0,0.0,2,0
764,0905-4-cjx,6.0,word,1693894374.825453,860.0000000000001,272.00000000000006,56.08029957123981,6.0,0.0,2,0
765,0905-4-cjx,6.0,word,1693894374.8576589,898.9999999999998,268.99999999999994,39.11521443121589,6.0,0.0,3,0
766,0905-4-cjx,6.0,word,1693894374.8898246,927.0,268.0,28.0178514522438,6.0,0.0,2,0
767,0905-4-cjx,6.0,word,1693894374.905908,947.0,268.0,20.0,6.0,0.0,2,0
768,0905-4-cjx,6.0,word,1693894374.9378734,1027.9999999999998,268.99999999999994,81.00617260431454,6.0,0.0,0,0
769,0905-4-cjx,6.0,word,1693894374.9700842,1104.9999999999998,269.0,77.0,6.0,0.0,1,0
770,0905-4-cjx,6.0,word,1693894375.0014212,1154.0,271.0,49.04079934095692,6.0,0.0,4,0
771,0905-4-cjx,6.0,word,1693894375.0334597,1182.9999999999998,272.0,29.017236257093817,6.0,0.0,5,0
772,0905-4-cjx,6.0,word,1693894375.065564,1201.0,271.99999999999994,18.0,6.0,0.0,6,0
773,0905-4-cjx,6.0,word,1693894375.097725,1211.0000000000002,271.0,10.04987562112089,6.0,0.0,8,0
774,0905-4-cjx,6.0,word,1693894375.1308565,1227.0,269.99999999999994,16.0312195418814,6.0,0.0,8,0
775,0905-4-cjx,6.0,word,1693894375.1615398,1244.0000000000002,270.0,17.0,6.0,0.0,8,0
776,0905-4-cjx,6.0,word,1693894375.1774862,1256.9999999999998,270.0,13.0,6.0,0.0,8,0
777,0905-4-cjx,6.0,word,1693894375.2096314,1265.0,270.99999999999994,8.06225774829855,6.0,0.0,7,0
778,0905-4-cjx,6.0,word,1693894375.2420654,1271.0,272.0,6.082762530298219,6.0,0.0,7,0
779,0905-4-cjx,6.0,word,1693894375.27409,1275.0,272.0,4.0,6.0,0.0,6,0
780,0905-4-cjx,6.0,word,1693894375.3053565,1314.0000000000002,276.0,39.20459156782532,6.0,0.0,5,0
781,0905-4-cjx,6.0,word,1693894375.337279,1361.0,280.0,47.16990566028302,6.0,0.0,2,0
782,0905-4-cjx,6.0,word,1693894375.3696785,1398.9999999999998,281.99999999999994,38.05259518088089,6.0,0.0,5,0
783,0905-4-cjx,6.0,word,1693894375.4019978,1425.0,282.0,26.0,6.0,0.0,4,0
784,0905-4-cjx,6.0,word,1693894375.4339738,1442.9999999999998,281.0,18.027756377319943,6.0,0.0,4,0
785,0905-4-cjx,6.0,word,1693894375.4501586,1451.9999999999998,278.99999999999994,9.219544457292889,6.0,0.0,4,0
786,0905-4-cjx,6.0,word,1693894375.481475,1410.0,285.0,42.42640687119285,6.0,0.0,5,0
787,0905-4-cjx,6.0,word,1693894375.5137465,1305.0,287.99999999999994,105.04284840006956,6.0,0.0,0,0
788,0905-4-cjx,6.0,word,1693894375.54615,1147.9999999999995,298.0,157.31814898478814,6.0,0.0,0,0
789,0905-4-cjx,6.0,word,1693894375.5775158,938.0,309.99999999999994,210.34257771549724,6.0,0.0,0,1
790,0905-4-cjx,6.0,word,1693894375.609674,801.9999999999998,316.9999999999999,136.1800279042415,6.0,0.0,0,1
791,0905-4-cjx,6.0,word,1693894375.642182,732.9999999999999,320.0,69.06518659932803,6.0,0.0,7,1
792,0905-4-cjx,6.0,word,1693894375.6734183,698.0,322.00000000000006,35.05709628591621,6.0,0.0,5,1
793,0905-4-cjx,6.0,word,1693894375.7055771,680.0,322.0,18.0,6.0,0.0,4,1
794,0905-4-cjx,6.0,word,1693894375.7216797,680.0,321.0,1.0,6.0,0.0,4,1
795,0905-4-cjx,6.0,word,1693894375.753757,734.0,316.9999999999999,54.147945482723536,6.0,0.0,7,1
796,0905-4-cjx,6.0,word,1693894375.7858338,758.9999999999999,315.99999999999994,25.019992006393608,6.0,0.0,4,1
797,0905-4-cjx,6.0,word,1693894375.8180068,766.9999999999998,314.9999999999999,8.06225774829855,6.0,0.0,4,1
798,0905-4-cjx,6.0,word,1693894375.8499763,784.0,313.99999999999994,17.029386365926403,6.0,0.0,4,1
799,0905-4-cjx,6.0,word,1693894375.882267,812.9999999999999,316.0,29.068883707497267,6.0,0.0,3,1
800,0905-4-cjx,6.0,word,1693894375.913276,880.9999999999999,340.99999999999994,72.44998274671983,6.0,0.0,0,1
801,0905-4-cjx,6.0,word,1693894375.9452682,947.9999999999998,368.0,72.2357252334328,6.0,0.0,1,2
802,0905-4-cjx,6.0,word,1693894375.9774706,997.0,386.9999999999999,52.55473337388365,6.0,0.0,5,2
803,0905-4-cjx,6.0,word,1693894375.9937167,1028.0000000000002,399.0,33.24154027718932,6.0,0.0,5,2
804,0905-4-cjx,6.0,word,1693894376.0256002,1048.0,409.0,22.36067977499789,6.0,0.0,4,2
805,0905-4-cjx,6.0,word,1693894376.0577562,1037.0,425.0,19.4164878389476,6.0,0.0,6,3
806,0905-4-cjx,6.0,word,1693894376.0897863,1015.0,440.9999999999999,27.202941017470888,6.0,0.0,7,3
807,0905-4-cjx,6.0,word,1693894376.1217792,1000.0,452.00000000000006,18.601075237738275,6.0,0.0,5,3
808,0905-4-cjx,6.0,word,1693894376.1533084,991.0,459.0,11.40175425099138,6.0,0.0,5,3
809,0905-4-cjx,6.0,word,1693894376.1852715,974.0,464.99999999999983,18.027756377319943,6.0,0.0,5,3
810,0905-4-cjx,6.0,word,1693894376.2176042,943.0,471.0,31.575306807693888,6.0,0.0,5,3
811,0905-4-cjx,6.0,word,1693894376.249608,916.0,476.9999999999999,27.65863337187866,6.0,0.0,8,4
812,0905-4-cjx,6.0,word,1693894376.265604,894.0,480.0,22.20360331117452,6.0,0.0,7,4
813,0905-4-cjx,6.0,word,1693894376.2975748,876.0,482.00000000000006,18.110770276274835,6.0,0.0,6,4
814,0905-4-cjx,6.0,word,1693894376.330709,862.9999999999999,483.99999999999983,13.152946437965904,6.0,0.0,6,4
815,0905-4-cjx,6.0,word,1693894376.3621726,865.0000000000001,472.0,12.16552506059644,6.0,0.0,6,4
816,0905-4-cjx,6.0,word,1693894376.3941016,877.9999999999999,455.0,21.40093455903269,6.0,0.0,7,3
817,0905-4-cjx,6.0,word,1693894376.4253824,893.9999999999999,432.0,28.0178514522438,6.0,0.0,9,3
818,0905-4-cjx,6.0,word,1693894376.4575944,913.0,408.0,30.610455730027933,6.0,0.0,5,2
819,0905-4-cjx,6.0,word,1693894376.4899457,929.0,386.9999999999999,26.40075756488817,6.0,0.0,11,2
820,0905-4-cjx,6.0,word,1693894376.505916,942.0,372.0,19.849433241279208,6.0,0.0,10,2
821,0905-4-cjx,6.0,word,1693894376.537355,950.0,359.9999999999999,14.422205101855956,6.0,0.0,9,2
822,0905-4-cjx,6.0,word,1693894376.5695157,958.0,351.0,12.041594578792296,6.0,0.0,8,1
823,0905-4-cjx,6.0,word,1693894376.601681,962.0,345.99999999999994,6.4031242374328485,6.0,0.0,8,1
824,0905-4-cjx,6.0,word,1693894376.6336243,965.0,342.0,5.0,6.0,0.0,8,1
825,0905-4-cjx,6.0,word,1693894376.6656532,968.0,339.0,4.242640687119285,6.0,0.0,8,1
826,0905-4-cjx,6.0,word,1693894376.6980867,962.0,337.0,6.324555320336759,6.0,0.0,8,1
827,0905-4-cjx,6.0,word,1693894376.7294228,928.0,340.0,34.132096331752024,6.0,0.0,9,1
828,0905-4-cjx,6.0,word,1693894376.761694,886.9999999999999,342.99999999999994,41.10960958218893,6.0,0.0,2,1
829,0905-4-cjx,6.0,word,1693894376.7938728,847.9999999999999,345.99999999999994,39.11521443121589,6.0,0.0,3,1
830,0905-4-cjx,6.0,word,1693894376.810067,816.0000000000001,348.99999999999994,32.14031735997639,6.0,0.0,12,1
831,0905-4-cjx,6.0,word,1693894376.8416636,792.0000000000001,352.00000000000006,24.186773244895647,6.0,0.0,11,1
832,0905-4-cjx,6.0,word,1693894376.8740768,776.0,353.00000000000006,16.0312195418814,6.0,0.0,10,1
833,0905-4-cjx,6.0,word,1693894376.9061923,764.0,354.0,12.041594578792296,6.0,0.0,10,2
834,0905-4-cjx,6.0,word,1693894376.9381475,769.0,357.99999999999994,6.4031242374328485,6.0,0.0,10,2
835,0905-4-cjx,6.0,word,1693894376.9701488,779.0,362.00000000000006,10.770329614269007,6.0,0.0,10,2
836,0905-4-cjx,6.0,word,1693894377.001475,784.0,364.0,5.385164807134504,6.0,0.0,10,2
837,0905-4-cjx,6.0,word,1693894377.03355,788.0000000000001,365.0,4.123105625617661,6.0,0.0,11,2
838,0905-4-cjx,6.0,word,1693894377.0655038,790.9999999999999,366.0,3.1622776601683795,6.0,0.0,11,2
839,0905-4-cjx,6.0,word,1693894377.0814743,794.0000000000001,366.9999999999999,3.1622776601683795,6.0,0.0,11,2
840,0905-4-cjx,6.0,word,1693894377.1136143,823.9999999999999,366.0,30.01666203960727,6.0,0.0,12,2
841,0905-4-cjx,6.0,word,1693894377.1455605,877.0,364.0,53.03772242470448,6.0,0.0,2,2
842,0905-4-cjx,6.0,word,1693894377.179135,927.0,363.0,50.00999900019995,6.0,0.0,2,2
843,0905-4-cjx,6.0,word,1693894377.210166,966.0,364.0,39.01281840626232,6.0,0.0,2,2
844,0905-4-cjx,6.0,word,1693894377.2414956,1023.0,366.0,57.0350769263968,6.0,0.0,2,2
845,0905-4-cjx,6.0,word,1693894377.2736628,1074.0,368.0,51.03920062069938,6.0,0.0,3,2
846,0905-4-cjx,6.0,word,1693894377.3057451,1109.0,368.9999999999999,35.0142828000232,6.0,0.0,9,2
847,0905-4-cjx,6.0,word,1693894377.3216336,1129.9999999999998,370.0,21.02379604162864,6.0,0.0,9,2
848,0905-4-cjx,6.0,word,1693894377.3536637,1144.0,371.0,14.0356688476182,6.0,0.0,9,2
849,0905-4-cjx,6.0,word,1693894377.3858354,1153.0,371.0,9.0,6.0,0.0,9,2
850,0905-4-cjx,6.0,word,1693894377.417929,1158.9999999999995,372.0,6.082762530298219,6.0,0.0,9,2
851,0905-4-cjx,6.0,word,1693894377.4499214,1162.9999999999998,371.9999999999999,4.0,6.0,0.0,9,2
852,0905-4-cjx,6.0,word,1693894377.4819214,1166.9999999999998,373.0,4.123105625617661,6.0,0.0,9,2
853,0905-4-cjx,6.0,word,1693894377.513922,1168.9999999999998,373.0,2.0,6.0,0.0,9,2
854,0905-4-cjx,6.0,word,1693894377.545921,1170.0,373.0,1.0,6.0,0.0,9,2
855,0905-4-cjx,6.0,word,1693894377.578118,1198.0,375.9999999999999,28.16025568065745,6.0,0.0,8,2
856,0905-4-cjx,6.0,word,1693894377.5933397,1258.0000000000002,382.0,60.29925372672534,6.0,0.0,2,2
857,0905-4-cjx,6.0,word,1693894377.6253543,1309.9999999999998,388.0,52.3450093132096,6.0,0.0,3,2
858,0905-4-cjx,6.0,word,1693894377.657797,1346.9999999999998,392.9999999999999,37.33630940518894,6.0,0.0,5,2
859,0905-4-cjx,6.0,word,1693894377.6897993,1371.0,396.0,24.186773244895647,6.0,0.0,5,2
860,0905-4-cjx,6.0,word,1693894377.7221396,1387.0,397.0,16.0312195418814,6.0,0.0,4,2
861,0905-4-cjx,6.0,word,1693894377.7541778,1390.9999999999998,398.0,4.123105625617661,6.0,0.0,4,2
862,0905-4-cjx,6.0,word,1693894377.7861784,1346.0,403.9999999999999,45.39823785126467,6.0,0.0,5,2
863,0905-4-cjx,6.0,word,1693894377.8181791,1209.0000000000002,416.0,137.5245432641025,6.0,0.0,0,3
864,0905-4-cjx,6.0,word,1693894377.8502033,1082.0,423.0,127.1927670899568,6.0,0.0,0,3
865,0905-4-cjx,6.0,word,1693894377.8662071,897.9999999999999,434.0,184.32851108821987,6.0,0.0,0,3
866,0905-4-cjx,6.0,word,1693894377.898209,777.0000000000001,443.0,121.33424908079334,6.0,0.0,0,3
867,0905-4-cjx,6.0,word,1693894377.9293988,710.0000000000001,449.9999999999999,67.36467917239716,6.0,0.0,0,3
868,0905-4-cjx,6.0,word,1693894377.9614043,640.0,457.0,70.34912934784623,6.0,0.0,1,3
869,0905-4-cjx,6.0,word,1693894377.9934905,599.0,457.9999999999999,41.01219330881976,6.0,0.0,12,3
870,0905-4-cjx,6.0,word,1693894378.0254035,575.0,459.9999999999999,24.08318915758459,6.0,0.0,10,3
871,0905-4-cjx,6.0,word,1693894378.057403,561.9999999999999,464.0,13.601470508735444,6.0,0.0,10,3
872,0905-4-cjx,6.0,word,1693894378.089399,554.0,463.9999999999999,8.0,6.0,0.0,10,3
873,0905-4-cjx,6.0,word,1693894378.1214015,550.0000000000001,464.0,4.0,6.0,0.0,10,3
874,0905-4-cjx,6.0,word,1693894378.1376889,547.0,463.0,3.1622776601683795,6.0,0.0,10,3
875,0905-4-cjx,6.0,word,1693894378.1698494,544.0000000000001,464.0,3.1622776601683795,6.0,0.0,10,3
876,0905-4-cjx,6.0,word,1693894378.2020247,540.0000000000001,463.00000000000006,4.123105625617661,6.0,0.0,10,3
877,0905-4-cjx,6.0,word,1693894378.2333236,538.0,461.99999999999983,2.23606797749979,6.0,0.0,10,3
878,0905-4-cjx,6.0,word,1693894378.265631,553.9999999999999,460.0,16.1245154965971,6.0,0.0,10,3
879,0905-4-cjx,6.0,word,1693894378.2978303,585.0000000000001,456.0,31.25699921617557,6.0,0.0,12,3
880,0905-4-cjx,6.0,word,1693894378.3299935,648.0,448.0,63.50590523722971,6.0,0.0,2,3
881,0905-4-cjx,6.0,word,1693894378.3621483,710.9999999999999,440.9999999999999,63.38769596696192,6.0,0.0,2,3
882,0905-4-cjx,6.0,word,1693894378.3933392,757.0,436.0,46.2709412050371,6.0,0.0,3,3
883,0905-4-cjx,6.0,word,1693894378.4253893,789.0,432.0,32.2490309931942,6.0,0.0,3,3
884,0905-4-cjx,6.0,word,1693894378.4414594,809.9999999999999,430.0,21.095023109728988,6.0,0.0,3,3
885,0905-4-cjx,6.0,word,1693894378.473457,844.9999999999998,429.0,35.0142828000232,6.0,0.0,2,3
886,0905-4-cjx,6.0,word,1693894378.505544,925.0,426.0,80.05623023850174,6.0,0.0,1,3
887,0905-4-cjx,6.0,word,1693894378.5374515,986.0,424.0,61.032778078668514,6.0,0.0,3,3
888,0905-4-cjx,6.0,word,1693894378.569582,1023.0000000000002,423.0,37.01351104664349,6.0,0.0,3,3
889,0905-4-cjx,6.0,word,1693894378.6020684,1047.0,421.9999999999999,24.020824298928627,6.0,0.0,3,3
890,0905-4-cjx,6.0,word,1693894378.6340332,1082.0000000000002,424.0,35.05709628591621,6.0,0.0,2,3
891,0905-4-cjx,6.0,word,1693894378.6661456,1180.0,426.0,98.02040603874276,6.0,0.0,0,3
892,0905-4-cjx,6.0,word,1693894378.6821065,1259.0,427.9999999999999,79.02531240052139,6.0,0.0,1,3
893,0905-4-cjx,6.0,word,1693894378.714114,1305.0,429.9999999999999,46.04345773288535,6.0,0.0,7,3
894,0905-4-cjx,6.0,word,1693894378.7461133,1330.9999999999998,429.9999999999999,26.0,6.0,0.0,5,3
895,0905-4-cjx,6.0,word,1693894378.7781386,1345.9999999999998,430.9999999999999,15.033296378372908,6.0,0.0,5,3
896,0905-4-cjx,6.0,word,1693894378.810133,1355.9999999999995,431.0,10.0,6.0,0.0,5,3
897,0905-4-cjx,6.0,word,1693894378.8416097,1361.9999999999998,430.0,6.082762530298219,6.0,0.0,5,3
898,0905-4-cjx,6.0,word,1693894378.873899,1334.0000000000002,435.0,28.442925306655784,6.0,0.0,5,3
899,0905-4-cjx,6.0,word,1693894378.906059,1266.0000000000002,443.0,68.46897107449476,6.0,0.0,0,3
900,0905-4-cjx,6.0,word,1693894378.9380531,1034.0,466.0,233.13729860320507,6.0,0.0,0,3
901,0905-4-cjx,6.0,word,1693894378.9541583,840.9999999999998,486.9999999999999,194.1391253714717,6.0,0.0,0,4
902,0905-4-cjx,6.0,word,1693894378.9854736,738.9999999999999,497.0,102.48902380255166,6.0,0.0,1,4
903,0905-4-cjx,6.0,word,1693894379.0173843,686.0,501.0,53.150729063673246,6.0,0.0,2,4
904,0905-4-cjx,6.0,word,1693894379.0495777,659.0,504.00000000000006,27.16615541441225,6.0,0.0,2,4
905,0905-4-cjx,6.0,word,1693894379.08159,602.0,510.0,57.3149195236284,6.0,0.0,3,4
906,0905-4-cjx,6.0,word,1693894379.1139436,564.9999999999999,512.9999999999998,37.12142238654117,6.0,0.0,18,4
907,0905-4-cjx,6.0,word,1693894379.1459444,544.0000000000001,514.9999999999998,21.095023109728988,6.0,0.0,17,4
908,0905-4-cjx,6.0,word,1693894379.1774745,530.9999999999999,518.0000000000001,13.341664064126334,6.0,0.0,16,4
909,0905-4-cjx,6.0,word,1693894379.2097695,522.9999999999999,517.9999999999999,8.0,6.0,0.0,16,4
910,0905-4-cjx,6.0,word,1693894379.2258022,517.9999999999999,518.0,5.0,6.0,0.0,15,4
911,0905-4-cjx,6.0,word,1693894379.2578764,515.0,518.0,3.0,6.0,0.0,15,4
912,0905-4-cjx,6.0,word,1693894379.2901947,512.9999999999999,516.9999999999999,2.23606797749979,6.0,0.0,15,4
913,0905-4-cjx,6.0,word,1693894379.321517,512.0,517.0,1.0,6.0,0.0,15,4
914,0905-4-cjx,6.0,word,1693894379.3536804,511.00000000000006,517.0000000000001,1.0,6.0,0.0,15,4
915,0905-4-cjx,6.0,word,1693894379.3857028,509.9999999999999,516.9999999999999,1.0,6.0,0.0,15,4
916,0905-4-cjx,6.0,word,1693894379.4178395,509.9999999999999,516.9999999999999,0.0,6.0,0.0,15,4
917,0905-4-cjx,6.0,word,1693894379.449819,509.9999999999999,516.9999999999999,0.0,6.0,0.0,15,4
918,0905-4-cjx,6.0,word,1693894379.481814,509.9999999999999,516.9999999999999,0.0,6.0,0.0,15,4
919,0905-4-cjx,6.0,word,1693894379.4978406,509.9999999999999,516.9999999999999,0.0,6.0,0.0,15,4
920,0905-4-cjx,6.0,word,1693894379.5293417,516.9999999999999,516.0,7.071067811865476,6.0,0.0,15,4
921,0905-4-cjx,6.0,word,1693894379.561663,545.0,509.99999999999983,28.635642126552707,6.0,0.0,17,4
922,0905-4-cjx,6.0,word,1693894379.593829,583.0,503.0,38.63935817272331,6.0,0.0,3,4
923,0905-4-cjx,6.0,word,1693894379.6258936,619.0,495.9999999999999,36.6742416417845,6.0,0.0,4,4
924,0905-4-cjx,6.0,word,1693894379.657827,645.0,492.0,26.30589287593181,6.0,0.0,7,4
925,0905-4-cjx,6.0,word,1693894379.6900516,666.0,487.9999999999999,21.37755832643195,6.0,0.0,6,4
926,0905-4-cjx,6.0,word,1693894379.722208,679.9999999999999,487.0,14.0356688476182,6.0,0.0,7,4
927,0905-4-cjx,6.0,word,1693894379.753289,688.9999999999999,485.9999999999999,9.055385138137416,6.0,0.0,6,4
928,0905-4-cjx,6.0,word,1693894379.7692878,695.0000000000001,486.0,6.0,6.0,0.0,6,4
929,0905-4-cjx,6.0,word,1693894379.8020215,705.0,485.0,10.04987562112089,6.0,0.0,6,4
930,0905-4-cjx,6.0,word,1693894379.8339255,742.0,483.99999999999983,37.01351104664349,6.0,0.0,6,4
931,0905-4-cjx,6.0,word,1693894379.8659291,773.9999999999999,483.99999999999983,32.0,6.0,0.0,4,4
932,0905-4-cjx,6.0,word,1693894379.8982046,798.0,484.0,24.0,6.0,0.0,4,4
933,0905-4-cjx,6.0,word,1693894379.9302354,811.9999999999999,485.00000000000006,14.0356688476182,6.0,0.0,4,4
934,0905-4-cjx,6.0,word,1693894379.961556,822.9999999999999,485.0,11.0,6.0,0.0,4,4
935,0905-4-cjx,6.0,word,1693894379.993579,867.0,487.0,44.04543109109048,6.0,0.0,2,4
936,0905-4-cjx,6.0,word,1693894380.0256038,935.0,489.0,68.0294054067798,6.0,0.0,1,4
937,0905-4-cjx,6.0,word,1693894380.0416093,987.0,492.00000000000006,52.08646657242167,6.0,0.0,3,4
938,0905-4-cjx,6.0,word,1693894380.073345,1020.0,493.0,33.015148038438355,6.0,0.0,6,4
939,0905-4-cjx,6.0,word,1693894380.1055894,1041.0,492.99999999999983,21.0,6.0,0.0,8,4
940,0905-4-cjx,6.0,word,1693894380.1378326,1055.0000000000002,492.00000000000006,14.0356688476182,6.0,0.0,9,4
941,0905-4-cjx,6.0,word,1693894380.1699586,1064.9999999999998,492.9999999999999,10.04987562112089,6.0,0.0,12,4
942,0905-4-cjx,6.0,word,1693894380.2012792,1071.0,492.0,6.082762530298219,6.0,0.0,15,4
943,0905-4-cjx,6.0,word,1693894380.2333083,1077.0,491.9999999999999,6.0,6.0,0.0,21,4
944,0905-4-cjx,6.0,word,1693894380.2652998,1091.0,492.0,14.0,6.0,0.0,20,4
945,0905-4-cjx,6.0,word,1693894380.2973475,1101.9999999999998,492.99999999999983,11.04536101718726,6.0,0.0,20,4
946,0905-4-cjx,6.0,word,1693894380.3133185,1110.9999999999998,493.0,9.0,6.0,0.0,19,4
947,0905-4-cjx,6.0,word,1693894380.3453796,1116.9999999999998,493.0,6.0,6.0,0.0,19,4
948,0905-4-cjx,6.0,word,1693894380.3775516,1121.9999999999998,493.0,5.0,6.0,0.0,18,4
949,0905-4-cjx,6.0,word,1693894380.409714,1125.9999999999998,492.99999999999983,4.0,6.0,0.0,18,4
950,0905-4-cjx,6.0,word,1693894380.4413614,1127.9999999999998,493.00000000000006,2.0,6.0,0.0,17,4
951,0905-4-cjx,6.0,word,1693894380.4733598,1129.9999999999998,492.9999999999999,2.0,6.0,0.0,16,4
952,0905-4-cjx,6.0,word,1693894380.5059748,1131.9999999999998,492.99999999999983,2.0,6.0,0.0,16,4
953,0905-4-cjx,6.0,word,1693894380.5378582,1133.9999999999998,493.0,2.0,6.0,0.0,16,4
954,0905-4-cjx,6.0,word,1693894380.55386,1134.9999999999998,494.0,1.4142135623730951,6.0,0.0,15,4
955,0905-4-cjx,6.0,word,1693894380.5859704,1136.0,494.0,1.0,6.0,0.0,15,4
956,0905-4-cjx,6.0,word,1693894380.6174517,1137.0,493.9999999999999,1.0,6.0,0.0,15,4
957,0905-4-cjx,6.0,word,1693894380.6494756,1131.9999999999998,492.99999999999983,5.0990195135927845,6.0,0.0,16,4
958,0905-4-cjx,6.0,word,1693894380.6814623,1105.9999999999998,485.0,27.202941017470888,6.0,0.0,19,4
959,0905-4-cjx,6.0,word,1693894380.7135315,1066.0000000000002,471.00000000000006,42.37924020083418,6.0,0.0,2,3
960,0905-4-cjx,6.0,word,1693894380.7456565,1017.9999999999998,434.9999999999999,60.0,6.0,0.0,1,3
961,0905-4-cjx,6.0,word,1693894380.77768,971.0,390.0,65.06919393998976,6.0,0.0,1,2
962,0905-4-cjx,6.0,word,1693894380.809716,939.0,356.99999999999994,45.967379738244816,6.0,0.0,5,2
963,0905-4-cjx,6.0,word,1693894380.8256917,918.0,335.99999999999994,29.698484809834994,6.0,0.0,8,1
964,0905-4-cjx,6.0,word,1693894380.8577244,905.0,324.0,17.69180601295413,6.0,0.0,9,1
965,0905-4-cjx,6.0,word,1693894380.889994,899.0,316.99999999999994,9.219544457292889,6.0,0.0,9,1
966,0905-4-cjx,6.0,word,1693894380.922006,894.0,312.0,7.071067811865476,6.0,0.0,9,1
967,0905-4-cjx,6.0,word,1693894380.9549515,890.9999999999999,308.99999999999994,4.242640687119285,6.0,0.0,8,1
968,0905-4-cjx,6.0,word,1693894380.9860623,889.0000000000001,306.0,3.605551275463989,6.0,0.0,8,1
969,0905-4-cjx,6.0,word,1693894381.0181432,887.9999999999997,304.99999999999994,1.4142135623730951,6.0,0.0,8,1
970,0905-4-cjx,6.0,word,1693894381.0501132,873.0,304.9999999999999,15.0,6.0,0.0,9,1
971,0905-4-cjx,6.0,word,1693894381.0815318,846.0,303.00000000000006,27.073972741361768,6.0,0.0,10,1
972,0905-4-cjx,6.0,word,1693894381.113416,823.0000000000001,300.99999999999994,23.08679276123039,6.0,0.0,9,1
973,0905-4-cjx,6.0,word,1693894381.1294155,806.0,298.99999999999994,17.11724276862369,6.0,0.0,9,1
974,0905-4-cjx,6.0,word,1693894381.161511,792.0,296.99999999999994,14.142135623730953,6.0,0.0,11,0
975,0905-4-cjx,6.0,word,1693894381.193488,782.0,294.9999999999999,10.198039027185567,6.0,0.0,11,0
976,0905-4-cjx,6.0,word,1693894381.2254834,774.9999999999999,292.99999999999994,7.280109889280518,6.0,0.0,12,0
977,0905-4-cjx,6.0,word,1693894381.2574787,768.9999999999999,292.0,6.082762530298219,6.0,0.0,13,0
978,0905-4-cjx,6.0,word,1693894381.2894838,764.0,290.99999999999994,5.0990195135927845,6.0,0.0,14,0
979,0905-4-cjx,6.0,word,1693894381.3220875,760.9999999999999,290.9999999999999,3.0,6.0,0.0,18,0
980,0905-4-cjx,6.0,word,1693894381.3540633,749.0,295.99999999999994,13.0,6.0,0.0,17,0
981,0905-4-cjx,6.0,word,1693894381.3701577,739.0,302.0,11.6619037896906,6.0,0.0,16,1
982,0905-4-cjx,6.0,word,1693894381.4016974,730.0,307.0,10.295630140987,6.0,0.0,16,1
983,0905-4-cjx,6.0,word,1693894381.433699,722.9999999999999,309.99999999999994,7.615773105863909,6.0,0.0,15,1
984,0905-4-cjx,6.0,word,1693894381.4660146,716.0,313.0,7.615773105863909,6.0,0.0,13,1
985,0905-4-cjx,6.0,word,1693894381.4979248,711.9999999999999,314.99999999999994,4.47213595499958,6.0,0.0,12,1
986,0905-4-cjx,6.0,word,1693894381.5300732,708.0,316.9999999999999,4.47213595499958,6.0,0.0,11,1
987,0905-4-cjx,6.0,word,1693894381.561564,706.0,318.9999999999999,2.8284271247461903,6.0,0.0,10,1
988,0905-4-cjx,6.0,word,1693894381.5938745,716.0000000000001,320.0,10.04987562112089,6.0,0.0,12,1
989,0905-4-cjx,6.0,word,1693894381.626149,741.0,319.99999999999994,25.0,6.0,0.0,16,1
990,0905-4-cjx,6.0,word,1693894381.642213,783.9999999999999,318.0,43.04648650006177,6.0,0.0,2,1
991,0905-4-cjx,6.0,word,1693894381.6734834,830.0,317.0,46.01086828130936,6.0,0.0,3,1
992,0905-4-cjx,6.0,word,1693894381.705496,866.9999999999999,316.99999999999994,37.0,6.0,0.0,3,1
993,0905-4-cjx,6.0,word,1693894381.7375271,893.9999999999999,316.99999999999994,27.0,6.0,0.0,3,1
994,0905-4-cjx,6.0,word,1693894381.7697854,912.0,316.99999999999994,18.0,6.0,0.0,3,1
995,0905-4-cjx,6.0,word,1693894381.8022285,965.0,314.99999999999994,53.03772242470448,6.0,0.0,1,1
996,0905-4-cjx,6.0,word,1693894381.833269,1049.0,314.99999999999994,84.0,6.0,0.0,1,1
997,0905-4-cjx,6.0,word,1693894381.865546,1111.0,314.99999999999994,62.0,6.0,0.0,2,1
998,0905-4-cjx,6.0,word,1693894381.8974302,1150.9999999999998,312.99999999999994,40.049968789001575,6.0,0.0,2,1
999,0905-4-cjx,6.0,word,1693894381.913481,1178.0,308.99999999999994,27.29468812791236,6.0,0.0,1,1
1000,0905-4-cjx,6.0,word,1693894381.9461083,1249.9999999999998,300.99999999999994,72.44308110509934,6.0,0.0,1,1
1001,0905-4-cjx,6.0,word,1693894381.9779868,1303.0,296.0,53.23532661682466,6.0,0.0,2,0
1002,0905-4-cjx,6.0,word,1693894382.009463,1337.0,293.0,34.132096331752024,6.0,0.0,2,0
1003,0905-4-cjx,6.0,word,1693894382.0414858,1371.0,289.0,34.23448553724738,6.0,0.0,3,0
1004,0905-4-cjx,6.0,word,1693894382.0734618,1403.0,287.0,32.0624390837628,6.0,0.0,14,0
1005,0905-4-cjx,6.0,word,1693894382.105491,1424.0,285.0,21.095023109728988,6.0,0.0,14,0
1006,0905-4-cjx,6.0,word,1693894382.1374872,1436.9999999999998,284.99999999999994,13.0,6.0,0.0,12,0
1007,0905-4-cjx,6.0,word,1693894382.169972,1444.9999999999998,284.0,8.06225774829855,6.0,0.0,11,0
1008,0905-4-cjx,6.0,word,1693894382.1859448,1449.9999999999998,282.99999999999994,5.0990195135927845,6.0,0.0,11,0
1009,0905-4-cjx,6.0,word,1693894382.2173097,1453.9999999999998,282.0,4.123105625617661,6.0,0.0,10,0
1010,0905-4-cjx,6.0,word,1693894382.2496867,1442.9999999999995,282.99999999999994,11.04536101718726,6.0,0.0,11,0
1011,0905-4-cjx,6.0,word,1693894382.2817066,1432.0,286.0,11.40175425099138,6.0,0.0,13,0
1012,0905-4-cjx,6.0,word,1693894382.3139193,1426.0000000000002,287.0,6.082762530298219,6.0,0.0,14,0
1013,0905-4-cjx,6.0,word,1693894382.3462048,1417.0,289.99999999999994,9.486832980505138,6.0,0.0,14,0
1014,0905-4-cjx,6.0,word,1693894382.377736,1403.9999999999998,293.0,13.341664064126334,6.0,0.0,14,0
1015,0905-4-cjx,6.0,word,1693894382.409722,1391.0,296.0,13.341664064126334,6.0,0.0,7,0
1016,0905-4-cjx,6.0,word,1693894382.4417286,1380.0,300.0,11.704699910719626,6.0,0.0,6,1
1017,0905-4-cjx,6.0,word,1693894382.4577048,1366.0,303.00000000000006,14.317821063276352,6.0,0.0,6,1
1018,0905-4-cjx,6.0,word,1693894382.489732,1305.0,314.0,61.98386886924694,6.0,0.0,1,1
1019,0905-4-cjx,6.0,word,1693894382.5218277,1242.0,325.9999999999999,64.13267497929586,6.0,0.0,1,1
1020,0905-4-cjx,6.0,word,1693894382.5538657,1196.9999999999998,334.99999999999994,45.89117562233506,6.0,0.0,4,1
1021,0905-4-cjx,6.0,word,1693894382.5859375,1166.9999999999998,342.9999999999999,31.04834939252005,6.0,0.0,4,1
1022,0905-4-cjx,6.0,word,1693894382.617833,1148.0,349.9999999999999,20.248456731316587,6.0,0.0,4,1
1023,0905-4-cjx,6.0,word,1693894382.6498976,1135.9999999999998,353.9999999999999,12.649110640673518,6.0,0.0,4,2
1024,0905-4-cjx,6.0,word,1693894382.6820097,1125.9999999999998,356.99999999999994,10.44030650891055,6.0,0.0,4,2
1025,0905-4-cjx,6.0,word,1693894382.7140803,1070.9999999999998,365.9999999999999,55.731499172371095,6.0,0.0,1,2
1026,0905-4-cjx,6.0,word,1693894382.7300794,1003.0,370.9999999999999,68.18357573492314,6.0,0.0,1,2
1027,0905-4-cjx,6.0,word,1693894382.761365,958.0,374.0,45.09988913511872,6.0,0.0,5,2
1028,0905-4-cjx,6.0,word,1693894382.7935145,929.0,377.0,29.154759474226505,6.0,0.0,14,2
1029,0905-4-cjx,6.0,word,1693894382.8256876,912.0,377.9999999999999,17.029386365926403,6.0,0.0,14,2
1030,0905-4-cjx,6.0,word,1693894382.858189,901.0,379.0,11.04536101718726,6.0,0.0,14,2
1031,0905-4-cjx,6.0,word,1693894382.8893223,894.9999999999999,379.9999999999999,6.082762530298219,6.0,0.0,14,2
1032,0905-4-cjx,6.0,word,1693894382.9216628,889.0,379.9999999999999,6.0,6.0,0.0,12,2
1033,0905-4-cjx,6.0,word,1693894382.9538343,885.0,379.9999999999999,4.0,6.0,0.0,12,2
1034,0905-4-cjx,6.0,word,1693894382.986024,882.9999999999999,381.0,2.23606797749979,6.0,0.0,12,2
1035,0905-4-cjx,6.0,word,1693894383.0014546,881.9999999999999,380.9999999999999,1.0,6.0,0.0,12,2
1036,0905-4-cjx,6.0,word,1693894383.033362,881.0,382.0,1.4142135623730951,6.0,0.0,12,2
1037,0905-4-cjx,6.0,word,1693894383.065338,880.0000000000001,382.0,1.0,6.0,0.0,12,2
1038,0905-4-cjx,6.0,word,1693894383.0976398,880.0000000000001,382.0,0.0,6.0,0.0,12,2
1039,0905-4-cjx,6.0,word,1693894383.1298,881.9999999999999,382.0,2.0,6.0,0.0,12,2
1040,0905-4-cjx,6.0,word,1693894383.1619115,902.9999999999998,381.0,21.02379604162864,6.0,0.0,14,2
1041,0905-4-cjx,6.0,word,1693894383.1938307,958.0,378.0,55.08175741568164,6.0,0.0,2,2
1042,0905-4-cjx,6.0,word,1693894383.2261262,1016.9999999999998,377.0,59.00847396772772,6.0,0.0,2,2
1043,0905-4-cjx,6.0,word,1693894383.2574763,1064.0000000000002,374.0,47.09564735726647,6.0,0.0,3,2
1044,0905-4-cjx,6.0,word,1693894383.273453,1096.9999999999998,372.9999999999999,33.015148038438355,6.0,0.0,10,2
1045,0905-4-cjx,6.0,word,1693894383.3055575,1119.0,372.0,22.02271554554524,6.0,0.0,10,2
1046,0905-4-cjx,6.0,word,1693894383.3377883,1133.0,372.0,14.0,6.0,0.0,9,2
1047,0905-4-cjx,6.0,word,1693894383.3697653,1143.0,370.9999999999999,10.04987562112089,6.0,0.0,9,2
1048,0905-4-cjx,6.0,word,1693894383.4013722,1145.0,370.9999999999999,2.0,6.0,0.0,9,2
1049,0905-4-cjx,6.0,word,1693894383.4334545,1140.9999999999998,372.0,4.123105625617661,6.0,0.0,9,2
1050,0905-4-cjx,6.0,word,1693894383.4658306,1139.0,372.0,2.0,6.0,0.0,9,2
1051,0905-4-cjx,6.0,word,1693894383.497862,1137.0,373.0,2.23606797749979,6.0,0.0,9,2
1052,0905-4-cjx,6.0,word,1693894383.5299797,1127.0,374.0,10.04987562112089,6.0,0.0,10,2
1053,0905-4-cjx,6.0,word,1693894383.5461428,1083.9999999999998,377.0,43.10452412450461,6.0,0.0,10,2
1054,0905-4-cjx,6.0,word,1693894383.5772889,1018.0,381.9999999999999,66.18912297349165,6.0,0.0,1,2
1055,0905-4-cjx,6.0,word,1693894383.609415,957.9999999999998,386.0,60.13318551349163,6.0,0.0,2,2
1056,0905-4-cjx,6.0,word,1693894383.6416082,915.0,388.0,43.04648650006177,6.0,0.0,4,2
1057,0905-4-cjx,6.0,word,1693894383.6737587,886.0,390.0,29.068883707497267,6.0,0.0,9,2
1058,0905-4-cjx,6.0,word,1693894383.7058904,868.0,389.0,18.027756377319943,6.0,0.0,9,2
1059,0905-4-cjx,6.0,word,1693894383.7380707,854.9999999999999,387.9999999999999,13.038404810405298,6.0,0.0,10,2
1060,0905-4-cjx,6.0,word,1693894383.770036,845.9999999999998,386.0,9.219544457292889,6.0,0.0,9,2
1061,0905-4-cjx,6.0,word,1693894383.801567,840.0,385.0,6.082762530298219,6.0,0.0,9,2
1062,0905-4-cjx,6.0,word,1693894383.8175683,835.0,383.9999999999999,5.0990195135927845,6.0,0.0,9,2
1063,0905-4-cjx,6.0,word,1693894383.849626,832.0,382.9999999999999,3.1622776601683795,6.0,0.0,9,2
1064,0905-4-cjx,6.0,word,1693894383.8818784,830.0,382.0,2.23606797749979,6.0,0.0,9,2
1065,0905-4-cjx,6.0,word,1693894383.9140584,828.0000000000001,382.0,2.0,6.0,0.0,9,2
1066,0905-4-cjx,6.0,word,1693894383.9461372,796.9999999999999,384.9999999999999,31.14482300479488,6.0,0.0,8,2
1067,0905-4-cjx,6.0,word,1693894383.9780571,761.0,387.0,36.05551275463989,6.0,0.0,3,2
1068,0905-4-cjx,6.0,word,1693894384.009371,730.0,389.0,31.064449134018133,6.0,0.0,4,2
1069,0905-4-cjx,6.0,word,1693894384.041963,708.0,389.9999999999999,22.02271554554524,6.0,0.0,4,2
1070,0905-4-cjx,6.0,word,1693894384.0579624,691.9999999999999,389.0,16.0312195418814,6.0,0.0,4,2
1071,0905-4-cjx,6.0,word,1693894384.0899637,673.0,389.0,19.0,6.0,0.0,4,2
1072,0905-4-cjx,6.0,word,1693894384.121498,634.0000000000001,390.9999999999999,39.05124837953327,6.0,0.0,17,2
1073,0905-4-cjx,6.0,word,1693894384.1535664,602.0,393.0,32.0624390837628,6.0,0.0,14,2
1074,0905-4-cjx,6.0,word,1693894384.1858263,579.0,394.0,23.021728866442675,6.0,0.0,14,2
1075,0905-4-cjx,6.0,word,1693894384.2180333,574.9999999999999,414.0,20.39607805437113,6.0,0.0,14,3
1076,0905-4-cjx,6.0,word,1693894384.3619485,600.0,443.9999999999999,39.05124837953327,6.0,0.0,15,3
1077,0905-4-cjx,6.0,word,1693894384.393857,602.0,439.0,5.385164807134504,6.0,0.0,15,3
1078,0905-4-cjx,6.0,word,1693894384.4260027,601.9999999999999,434.0,5.0,6.0,0.0,15,3
1079,0905-4-cjx,6.0,word,1693894384.457995,602.9999999999999,431.0,3.1622776601683795,6.0,0.0,15,3
1080,0905-4-cjx,6.0,word,1693894384.490024,604.0,427.0,4.123105625617661,6.0,0.0,15,3
1081,0905-4-cjx,6.0,word,1693894384.5214128,607.0,427.0,3.0,6.0,0.0,15,3
1082,0905-4-cjx,6.0,word,1693894384.55355,608.9999999999999,427.9999999999999,2.23606797749979,6.0,0.0,15,3
1083,0905-4-cjx,6.0,word,1693894384.5856977,611.0,429.0,2.23606797749979,6.0,0.0,15,3
1084,0905-4-cjx,6.0,word,1693894384.6175878,614.0,430.0,3.1622776601683795,6.0,0.0,15,3
1085,0905-4-cjx,6.0,word,1693894384.6338575,616.0,431.0,2.23606797749979,6.0,0.0,15,3
1086,0905-4-cjx,6.0,word,1693894384.6659546,619.0,432.9999999999999,3.605551275463989,6.0,0.0,15,3
1087,0905-4-cjx,6.0,word,1693894384.697898,660.0,432.0,41.01219330881976,6.0,0.0,12,3
1088,0905-4-cjx,6.0,word,1693894384.7299228,723.0,429.0,63.07138812488592,6.0,0.0,2,3
1089,0905-4-cjx,6.0,word,1693894384.7613964,779.9999999999999,428.0,57.0087712549569,6.0,0.0,2,3
1090,0905-4-cjx,6.0,word,1693894384.7936726,821.0,425.0,41.10960958218893,6.0,0.0,4,3
1091,0905-4-cjx,6.0,word,1693894384.8255515,848.0,422.0,27.16615541441225,6.0,0.0,8,3
1092,0905-4-cjx,6.0,word,1693894384.857553,865.0,422.0,17.0,6.0,0.0,9,3
1093,0905-4-cjx,6.0,word,1693894384.8895836,877.0000000000001,422.00000000000006,12.0,6.0,0.0,9,3
1094,0905-4-cjx,6.0,word,1693894384.9058225,885.9999999999999,422.0,9.0,6.0,0.0,8,3
1095,0905-4-cjx,6.0,word,1693894384.9377291,892.0,422.0,6.0,6.0,0.0,9,3
1096,0905-4-cjx,6.0,word,1693894384.9699335,895.9999999999999,422.0,4.0,6.0,0.0,9,3
1097,0905-4-cjx,6.0,word,1693894385.0021827,898.9999999999999,422.0,3.0,6.0,0.0,9,3
1098,0905-4-cjx,6.0,word,1693894385.0333383,901.0,422.0,2.0,6.0,0.0,9,3
1099,0905-4-cjx,6.0,word,1693894385.0659664,911.0,407.0,18.027756377319943,6.0,0.0,8,2
1100,0905-4-cjx,6.0,word,1693894385.0979898,929.0,369.9999999999999,41.14608122288197,6.0,0.0,6,2
1101,0905-4-cjx,6.0,word,1693894385.1294556,946.0,333.9999999999999,39.81205847478876,6.0,0.0,3,1
1102,0905-4-cjx,6.0,word,1693894385.1456463,959.0000000000002,305.99999999999994,30.870698080866266,6.0,0.0,15,1
1103,0905-4-cjx,6.0,word,1693894385.1777952,968.0,285.99999999999994,21.93171219946131,6.0,0.0,15,0
1104,0905-4-cjx,6.0,word,1693894385.2100987,974.0,272.9999999999999,14.317821063276352,6.0,0.0,7,0
1105,0905-4-cjx,6.0,word,1693894385.2420995,977.9999999999998,264.99999999999994,8.94427190999916,6.0,0.0,7,0
1106,0905-4-cjx,6.0,word,1693894385.2738314,973.0,265.0,5.0,6.0,0.0,7,0
1107,0905-4-cjx,6.0,word,1693894385.3062663,958.0,281.99999999999994,22.67156809750927,6.0,0.0,15,0
1108,0905-4-cjx,6.0,word,1693894385.3381755,951.9999999999998,289.0,9.219544457292889,6.0,0.0,15,0
1109,0905-4-cjx,6.0,word,1693894385.369339,941.0,302.99999999999994,17.804493814764857,6.0,0.0,14,1
1110,0905-4-cjx,6.0,word,1693894385.4017043,925.9999999999998,320.9999999999999,23.43074902771996,6.0,0.0,7,1
1111,0905-4-cjx,6.0,word,1693894385.4177053,934.0,319.0,8.246211251235321,6.0,0.0,8,1
1112,0905-4-cjx,6.0,word,1693894385.4499388,946.0,310.9999999999999,14.422205101855956,6.0,0.0,15,1
1113,0905-4-cjx,6.0,word,1693894385.4821813,956.0,305.9999999999999,11.180339887498947,6.0,0.0,15,1
1114,0905-4-cjx,6.0,word,1693894385.51354,971.0,297.99999999999994,17.0,6.0,0.0,15,0
1115,0905-4-cjx,6.0,word,1693894385.545719,988.0,289.0,19.235384061671343,6.0,0.0,6,0
1116,0905-4-cjx,6.0,word,1693894385.5777166,1003.9999999999998,281.0,17.88854381999832,6.0,0.0,4,0
1117,0905-4-cjx,6.0,word,1693894385.610229,1045.0000000000002,276.99999999999994,41.19465984809196,6.0,0.0,2,0
1118,0905-4-cjx,6.0,word,1693894385.641355,1123.0,272.99999999999994,78.10249675906654,6.0,0.0,0,0
1119,0905-4-cjx,6.0,word,1693894385.6737292,1189.0000000000002,271.0,66.03029607687671,6.0,0.0,1,0
1120,0905-4-cjx,6.0,word,1693894385.6899474,1232.0,269.0,43.04648650006177,6.0,0.0,5,0
1121,0905-4-cjx,6.0,word,1693894385.722207,1259.0000000000002,270.00000000000006,27.018512172212592,6.0,0.0,7,0
1122,0905-4-cjx,6.0,word,1693894385.7532766,1276.0,268.0,17.11724276862369,6.0,0.0,7,0
1123,0905-4-cjx,6.0,word,1693894385.7852764,1286.0,266.0,10.198039027185567,6.0,0.0,7,0
1124,0905-4-cjx,6.0,word,1693894385.8174622,1291.9999999999998,265.0,6.082762530298219,6.0,0.0,7,0
1125,0905-4-cjx,6.0,word,1693894385.8497107,1296.0,263.99999999999994,4.123105625617661,6.0,0.0,6,0
1126,0905-4-cjx,6.0,word,1693894385.8818357,1289.0,264.9999999999999,7.071067811865476,6.0,0.0,7,0
1127,0905-4-cjx,6.0,word,1693894385.9138691,1266.0,272.99999999999994,24.35159132377184,6.0,0.0,7,0
1128,0905-4-cjx,6.0,word,1693894385.9458358,1191.0,300.99999999999994,80.05623023850174,6.0,0.0,0,1
1129,0905-4-cjx,6.0,word,1693894385.961946,1101.0,337.0,96.93296652842108,6.0,0.0,0,1
1130,0905-4-cjx,6.0,word,1693894385.9938347,1031.0,367.0,76.15773105863909,6.0,0.0,1,2
1131,0905-4-cjx,6.0,word,1693894386.0258644,986.0,386.0,48.84669896727925,6.0,0.0,4,2
1132,0905-4-cjx,6.0,word,1693894386.057834,959.0,397.0,29.154759474226505,6.0,0.0,4,2
1133,0905-4-cjx,6.0,word,1693894386.089859,943.0,404.0,17.46424919657298,6.0,0.0,5,2
1134,0905-4-cjx,6.0,word,1693894386.1221175,933.9999999999998,410.0,10.816653826391969,6.0,0.0,5,2
1135,0905-4-cjx,6.0,word,1693894386.1537762,909.0,416.99999999999983,25.96150997149434,6.0,0.0,7,3
1136,0905-4-cjx,6.0,word,1693894386.1856854,885.9999999999999,423.9999999999999,24.04163056034261,6.0,0.0,11,3
1137,0905-4-cjx,6.0,word,1693894386.2176876,869.0000000000001,428.9999999999999,17.72004514666935,6.0,0.0,9,3
1138,0905-4-cjx,6.0,word,1693894386.2339013,858.9999999999999,432.0,10.44030650891055,6.0,0.0,8,3
1139,0905-4-cjx,6.0,word,1693894386.2660651,852.0,434.0,7.280109889280518,6.0,0.0,8,3
1140,0905-4-cjx,6.0,word,1693894386.2980888,845.9999999999998,436.0,6.324555320336759,6.0,0.0,7,3
1141,0905-4-cjx,6.0,word,1693894386.3292463,840.9999999999999,437.0,5.0990195135927845,6.0,0.0,7,3
1142,0905-4-cjx,6.0,word,1693894386.361471,857.0,437.0,16.0,6.0,0.0,8,3
1143,0905-4-cjx,6.0,word,1693894386.3938663,881.9999999999999,436.0,25.019992006393608,6.0,0.0,10,3
1144,0905-4-cjx,6.0,word,1693894386.4260635,924.9999999999998,434.0,43.04648650006177,6.0,0.0,2,3
1145,0905-4-cjx,6.0,word,1693894386.4573884,973.0,431.0,48.0936586256442,6.0,0.0,2,3
1146,0905-4-cjx,6.0,word,1693894386.489385,1013.0,429.0,40.049968789001575,6.0,0.0,3,3
1147,0905-4-cjx,6.0,word,1693894386.505659,1043.0,428.0,30.01666203960727,6.0,0.0,7,3
1148,0905-4-cjx,6.0,word,1693894386.5377371,1064.0,425.9999999999999,21.095023109728988,6.0,0.0,8,3
1149,0905-4-cjx,6.0,word,1693894386.5697374,1079.0,426.0,15.0,6.0,0.0,7,3
1150,0905-4-cjx,6.0,word,1693894386.6013212,1088.9999999999998,425.9999999999999,10.0,6.0,0.0,7,3
1151,0905-4-cjx,6.0,word,1693894386.633282,1096.0,425.0,7.071067811865476,6.0,0.0,7,3
1152,0905-4-cjx,6.0,word,1693894386.6653955,1101.0000000000002,424.0,5.0990195135927845,6.0,0.0,8,3
1153,0905-4-cjx,6.0,word,1693894386.697422,1104.0000000000002,424.0,3.0,6.0,0.0,8,3
1154,0905-4-cjx,6.0,word,1693894386.7295856,1108.0,424.0,4.0,6.0,0.0,7,3
1155,0905-4-cjx,6.0,word,1693894386.761752,1161.9999999999998,426.0,54.037024344425184,6.0,0.0,4,3
1156,0905-4-cjx,6.0,word,1693894386.7777803,1223.0,428.0,61.032778078668514,6.0,0.0,2,3
1157,0905-4-cjx,6.0,word,1693894386.809754,1270.0,427.99999999999983,47.0,6.0,0.0,3,3
1158,0905-4-cjx,6.0,word,1693894386.8417623,1302.0,428.9999999999999,32.01562118716424,6.0,0.0,6,3
1159,0905-4-cjx,6.0,word,1693894386.873839,1322.9999999999995,429.9999999999999,21.02379604162864,6.0,0.0,6,3
1160,0905-4-cjx,6.0,word,1693894386.9058392,1336.9999999999995,430.9999999999999,14.0356688476182,6.0,0.0,5,3
1161,0905-4-cjx,6.0,word,1693894386.9378622,1348.0000000000002,432.00000000000006,11.04536101718726,6.0,0.0,5,3
1162,0905-4-cjx,6.0,word,1693894386.9698677,1347.0,432.0,1.0,6.0,0.0,5,3
1163,0905-4-cjx,6.0,word,1693894387.0021102,1320.9999999999998,434.0,26.0768096208106,6.0,0.0,6,3
1164,0905-4-cjx,6.0,word,1693894387.0180013,1161.9999999999998,450.9999999999999,159.90622251807463,6.0,0.0,0,3
1165,0905-4-cjx,6.0,word,1693894387.0494645,932.9999999999998,470.0,229.78685776170929,6.0,0.0,0,3
1166,0905-4-cjx,6.0,word,1693894387.0815775,784.0000000000002,483.0,149.56603892595405,6.0,0.0,0,4
1167,0905-4-cjx,6.0,word,1693894387.1140816,709.0000000000001,493.0,75.66372975210778,6.0,0.0,2,4
1168,0905-4-cjx,6.0,word,1693894387.1452515,672.0,497.0,37.21558813185679,6.0,0.0,9,4
1169,0905-4-cjx,6.0,word,1693894387.1774044,654.0,500.9999999999999,18.43908891458577,6.0,0.0,11,4
1170,0905-4-cjx,6.0,word,1693894387.209731,643.9999999999999,502.9999999999999,10.198039027185567,6.0,0.0,10,4
1171,0905-4-cjx,6.0,word,1693894387.2417734,639.0,503.9999999999999,5.0990195135927845,6.0,0.0,11,4
1172,0905-4-cjx,6.0,word,1693894387.2741084,630.0,494.9999999999998,12.727922061357855,6.0,0.0,13,4
1173,0905-4-cjx,6.0,word,1693894387.2900825,625.0,487.0,9.433981132056603,6.0,0.0,16,4
1174,0905-4-cjx,6.0,word,1693894387.3213458,621.0000000000001,482.9999999999999,5.656854249492381,6.0,0.0,18,4
1175,0905-4-cjx,6.0,word,1693894387.3534,619.0,480.0,3.605551275463989,6.0,0.0,18,4
1176,0905-4-cjx,6.0,word,1693894387.3857236,617.0,475.99999999999983,4.47213595499958,6.0,0.0,18,4
1177,0905-4-cjx,6.0,word,1693894387.4176724,608.9999999999999,474.9999999999999,8.06225774829855,6.0,0.0,17,4
1178,0905-4-cjx,6.0,word,1693894387.4496715,596.9999999999999,474.0,12.041594578792296,6.0,0.0,17,4
1179,0905-4-cjx,6.0,word,1693894387.4817872,587.0000000000001,472.9999999999998,10.04987562112089,6.0,0.0,15,4
1180,0905-4-cjx,6.0,word,1693894387.5140228,580.0,471.9999999999999,7.071067811865476,6.0,0.0,14,4
1181,0905-4-cjx,6.0,word,1693894387.546023,574.0000000000001,471.0,6.082762530298219,6.0,0.0,14,3
1182,0905-4-cjx,6.0,word,1693894387.562024,569.0,471.0,5.0,6.0,0.0,13,3
1183,0905-4-cjx,6.0,word,1693894387.5935214,565.9999999999999,470.9999999999999,3.0,6.0,0.0,13,3
1184,0905-4-cjx,6.0,word,1693894387.6256473,563.9999999999999,471.0,2.0,6.0,0.0,13,3
1185,0905-4-cjx,6.0,word,1693894387.6580188,562.9999999999999,470.9999999999999,1.0,6.0,0.0,12,3
1186,0905-4-cjx,6.0,word,1693894387.690027,604.9999999999999,463.0,42.7551166528639,6.0,0.0,17,3
1187,0905-4-cjx,6.0,word,1693894387.721998,850.9999999999998,436.9999999999999,247.370167966956,6.0,0.0,0,3
1188,0905-4-cjx,6.0,word,1693894387.7541738,1112.0,410.9999999999999,262.2918222133508,6.0,0.0,0,2
1189,0905-4-cjx,6.0,word,1693894387.7852907,1251.0,398.0,139.60659010233005,6.0,0.0,0,2
1190,0905-4-cjx,6.0,word,1693894387.8175094,1316.9999999999995,389.0,66.61080993352356,6.0,0.0,8,2
1191,0905-4-cjx,6.0,word,1693894387.8335114,1346.0,386.9999999999999,29.068883707497267,6.0,0.0,7,2
1192,0905-4-cjx,6.0,word,1693894387.866102,1361.0000000000002,386.0,15.033296378372908,6.0,0.0,7,2
1193,0905-4-cjx,6.0,word,1693894387.8972518,1368.9999999999995,383.9999999999999,8.246211251235321,6.0,0.0,7,2
1194,0905-4-cjx,6.0,word,1693894387.9292517,1375.0,381.99999999999983,6.324555320336759,6.0,0.0,7,2
1195,0905-4-cjx,6.0,word,1693894387.9612672,1376.9999999999998,381.0,2.23606797749979,6.0,0.0,7,2
1196,0905-4-cjx,6.0,word,1693894387.9932694,1338.0,395.0,41.43669871020132,6.0,0.0,7,2
1197,0905-4-cjx,6.0,word,1693894388.0253787,1316.9999999999998,402.0,22.13594362117865,6.0,0.0,8,2
1198,0905-4-cjx,6.0,word,1693894388.0572913,1266.0000000000002,416.0,52.88667128870941,6.0,0.0,1,3
1199,0905-4-cjx,6.0,word,1693894388.0892668,1135.0,440.0,133.18032887780387,6.0,0.0,0,3
1200,0905-4-cjx,6.0,word,1693894388.1058311,1019.0,463.00000000000006,118.25819210524064,6.0,0.0,0,3
1201,0905-4-cjx,6.0,word,1693894388.138008,890.0,483.0,130.54118124178285,6.0,0.0,0,4
1202,0905-4-cjx,6.0,word,1693894388.170191,739.0,499.99999999999983,151.95394038984313,6.0,0.0,0,4
1203,0905-4-cjx,6.0,word,1693894388.201572,654.0,509.9999999999998,85.58621384311844,6.0,0.0,2,4
1204,0905-4-cjx,6.0,word,1693894388.2337298,611.0,514.9999999999999,43.28972164382672,6.0,0.0,9,4
1205,0905-4-cjx,6.0,word,1693894388.266171,592.0000000000001,516.9999999999999,19.1049731745428,6.0,0.0,9,4
1206,0905-4-cjx,6.0,word,1693894388.2982345,583.0,518.9999999999999,9.219544457292889,6.0,0.0,9,4
1207,0905-4-cjx,6.0,word,1693894388.3294604,578.0000000000001,519.9999999999999,5.0990195135927845,6.0,0.0,9,4
1208,0905-4-cjx,6.0,word,1693894388.361776,573.9999999999999,520.0,4.0,6.0,0.0,9,4
1209,0905-4-cjx,6.0,word,1693894388.3777487,570.9999999999999,520.9999999999999,3.1622776601683795,6.0,0.0,10,4
1210,0905-4-cjx,6.0,word,1693894388.4093995,570.0,522.9999999999998,2.23606797749979,6.0,0.0,10,4
1211,0905-4-cjx,6.0,word,1693894388.441709,568.0,523.9999999999999,2.23606797749979,6.0,0.0,10,4
1212,0905-4-cjx,6.0,word,1693894388.4738145,550.0,531.9999999999999,19.697715603592208,6.0,0.0,12,5
1213,0905-4-cjx,6.0,word,1693894388.506023,529.9999999999999,540.9999999999999,21.93171219946131,6.0,0.0,21,5
1214,0905-4-cjx,6.0,word,1693894388.5380511,514.9999999999999,547.9999999999999,16.55294535724685,6.0,0.0,18,5
1215,0905-4-cjx,6.0,word,1693894388.5700865,503.0,551.9999999999999,12.649110640673518,6.0,0.0,15,5
1216,0905-4-cjx,6.0,word,1693894388.6014645,495.0,556.0,8.94427190999916,6.0,0.0,15,5
1217,0905-4-cjx,6.0,word,1693894388.633717,489.99999999999983,557.9999999999999,5.385164807134504,6.0,0.0,14,5
1218,0905-4-cjx,6.0,word,1693894388.6498995,484.9999999999999,559.9999999999999,5.385164807134504,6.0,0.0,14,5
1219,0905-4-cjx,6.0,word,1693894388.6820595,491.0,558.0,6.324555320336759,6.0,0.0,14,5
1220,0905-4-cjx,6.0,word,1693894388.7141714,495.9999999999999,556.0,5.385164807134504,6.0,0.0,15,5
1221,0905-4-cjx,6.0,word,1693894388.745361,497.9999999999999,554.0,2.8284271247461903,6.0,0.0,15,5
1222,0905-4-cjx,6.0,word,1693894388.777367,500.0,553.9999999999998,2.0,6.0,0.0,15,5
1223,0905-4-cjx,6.0,word,1693894388.809841,501.0,552.9999999999999,1.4142135623730951,6.0,0.0,15,5
1224,0905-4-cjx,6.0,word,1693894388.8419998,503.9999999999999,552.0000000000002,3.1622776601683795,6.0,0.0,15,5
1225,0905-4-cjx,6.0,word,1693894388.8739996,507.0,550.0,3.605551275463989,6.0,0.0,15,5
1226,0905-4-cjx,6.0,word,1693894388.9061038,510.0,549.0,3.1622776601683795,6.0,0.0,16,5
1227,0905-4-cjx,6.0,word,1693894388.9220006,528.0,546.0,18.24828759089466,6.0,0.0,21,5
1228,0905-4-cjx,6.0,word,1693894388.9539983,634.0,528.9999999999999,107.35455276791944,6.0,0.0,0,4
1229,0905-4-cjx,6.0,word,1693894388.98603,747.0,511.0,114.42464769445436,6.0,0.0,0,4
1230,0905-4-cjx,6.0,word,1693894389.0181794,824.0000000000001,499.0,77.92945527847606,6.0,0.0,1,4
1231,0905-4-cjx,6.0,word,1693894389.049771,871.0,494.0,47.265209192385896,6.0,0.0,2,4
1232,0905-4-cjx,6.0,word,1693894389.0820212,899.0,490.9999999999999,28.16025568065745,6.0,0.0,2,4
1233,0905-4-cjx,6.0,word,1693894389.1143408,944.0,490.99999999999983,45.0,6.0,0.0,1,4
1234,0905-4-cjx,6.0,word,1693894389.1456666,1074.0000000000002,492.0,130.00384609695206,6.0,0.0,0,4
1235,0905-4-cjx,6.0,word,1693894389.1779883,1169.0,490.9999999999999,95.00526301210895,6.0,0.0,1,4
1236,0905-4-cjx,6.0,word,1693894389.194144,1221.0,489.9999999999999,52.009614495783374,6.0,0.0,5,4
1237,0905-4-cjx,6.0,word,1693894389.225296,1250.0,489.0,29.017236257093817,6.0,0.0,4,4
1238,0905-4-cjx,6.0,word,1693894389.2578676,1266.0,489.0,16.0,6.0,0.0,5,4
1239,0905-4-cjx,6.0,word,1693894389.2899969,1273.9999999999998,487.9999999999999,8.06225774829855,6.0,0.0,5,4
1240,0905-4-cjx,6.0,word,1693894389.3220036,1281.9999999999998,487.99999999999983,8.0,6.0,0.0,5,4
1241,0905-4-cjx,6.0,word,1693894389.3539972,1325.9999999999998,493.99999999999983,44.40720662234904,6.0,0.0,4,4
1242,0905-4-cjx,6.0,word,1693894389.3852575,1361.9999999999998,497.0,36.12478373637688,6.0,0.0,1,4
