,username,iteration,phase,time,gaze_x,gaze_y,speed,matrix_x,matrix_y
0,0903-1-ysc,0.0,word,1693715394.9537797,29.0,108.0,1.0,0.0,0.0
1,0903-1-ysc,0.0,word,1693715394.955777,29.0,108.0,0.0,0.0,0.0
2,0903-1-ysc,0.0,word,1693715394.9868681,29.0,108.0,0.0,0.0,0.0
3,0903-1-ysc,0.0,word,1693715395.0180473,30.0,108.0,1.0,0.0,0.0
4,0903-1-ysc,0.0,word,1693715395.0504696,30.0,108.0,0.0,0.0,0.0
5,0903-1-ysc,0.0,word,1693715395.0827658,31.0,107.0,1.4142135623730951,0.0,0.0
6,0903-1-ysc,0.0,word,1693715395.114835,31.0,107.0,0.0,0.0,0.0
7,0903-1-ysc,0.0,word,1693715395.1464427,31.0,107.0,0.0,0.0,0.0
8,0903-1-ysc,0.0,word,1693715395.1623526,64.0,126.0,38.07886552931954,0.0,0.0
9,0903-1-ysc,0.0,word,1693715395.1944954,172.0,187.0,124.03628501370073,0.0,0.0
10,0903-1-ysc,0.0,word,1693715395.227,274.0,242.0,115.88356225108029,0.0,0.0
11,0903-1-ysc,0.0,word,1693715395.2589147,335.0,277.0,70.32780389006896,0.0,0.0
12,0903-1-ysc,0.0,word,1693715395.2906375,372.0,298.0,42.5440947723653,0.0,0.0
13,0903-1-ysc,0.0,word,1693715395.3227777,404.0,294.0,32.2490309931942,0.0,0.0
14,0903-1-ysc,0.0,word,1693715395.3541481,426.0,289.0,22.561028345356956,0.0,0.0
15,0903-1-ysc,0.0,word,1693715395.3864405,440.0,285.0,14.560219778561036,0.0,0.0
16,0903-1-ysc,0.0,word,1693715395.4187162,448.0,284.0,8.06225774829855,0.0,0.0
17,0903-1-ysc,0.0,word,1693715395.4346492,451.0,282.0,3.605551275463989,0.0,0.0
18,0903-1-ysc,0.0,word,1693715395.466931,457.0,279.0,6.708203932499369,0.0,0.0
19,0903-1-ysc,0.0,word,1693715395.4982688,495.0,270.0,39.05124837953327,0.0,0.0
20,0903-1-ysc,0.0,word,1693715395.5303872,539.0,265.0,44.28317965096906,0.0,0.0
21,0903-1-ysc,0.0,word,1693715395.562586,570.0,261.0,31.25699921617557,0.0,0.0
22,0903-1-ysc,0.0,word,1693715395.5940359,594.0,257.0,24.331050121192877,0.0,0.0
23,0903-1-ysc,0.0,word,1693715395.6265237,610.0,254.0,16.278820596099706,0.0,0.0
24,0903-1-ysc,0.0,word,1693715395.658699,620.0,255.0,10.04987562112089,0.0,0.0
25,0903-1-ysc,0.0,word,1693715395.690141,627.0,256.0,7.0710678118654755,0.0,0.0
26,0903-1-ysc,0.0,word,1693715395.706298,632.0,255.0,5.0990195135927845,0.0,0.0
27,0903-1-ysc,0.0,word,1693715395.738343,636.0,253.0,4.47213595499958,0.0,0.0
28,0903-1-ysc,0.0,word,1693715395.7706451,639.0,252.0,3.1622776601683795,0.0,0.0
29,0903-1-ysc,0.0,word,1693715395.802744,637.0,253.0,2.23606797749979,0.0,0.0
30,0903-1-ysc,0.0,word,1693715395.8349578,630.0,255.0,7.280109889280518,0.0,0.0
31,0903-1-ysc,0.0,word,1693715395.866115,626.0,256.0,4.123105625617661,0.0,0.0
32,0903-1-ysc,0.0,word,1693715395.8985844,621.0,257.0,5.0990195135927845,0.0,0.0
33,0903-1-ysc,0.0,word,1693715395.9305203,614.0,258.0,7.0710678118654755,0.0,0.0
34,0903-1-ysc,0.0,word,1693715395.9629133,606.0,260.0,8.246211251235321,0.0,0.0
35,0903-1-ysc,0.0,word,1693715395.9780629,598.0,261.0,8.06225774829855,0.0,0.0
36,0903-1-ysc,0.0,word,1693715396.010058,588.0,261.0,10.0,0.0,0.0
37,0903-1-ysc,0.0,word,1693715396.0427618,577.0,262.0,11.045361017187261,0.0,0.0
38,0903-1-ysc,0.0,word,1693715396.074805,568.0,263.0,9.055385138137417,0.0,0.0
39,0903-1-ysc,0.0,word,1693715396.1065183,559.0,264.0,9.055385138137417,0.0,0.0
40,0903-1-ysc,0.0,word,1693715396.1385083,553.0,264.0,6.0,0.0,0.0
41,0903-1-ysc,0.0,word,1693715396.1706305,548.0,263.0,5.0990195135927845,0.0,0.0
42,0903-1-ysc,0.0,word,1693715396.202798,548.0,263.0,0.0,0.0,0.0
43,0903-1-ysc,0.0,word,1693715396.234942,556.0,262.0,8.06225774829855,0.0,0.0
44,0903-1-ysc,0.0,word,1693715396.2503734,561.0,261.0,5.0990195135927845,0.0,0.0
45,0903-1-ysc,0.0,word,1693715396.2824097,572.0,260.0,11.045361017187261,0.0,0.0
46,0903-1-ysc,0.0,word,1693715396.3148127,586.0,258.0,14.142135623730951,0.0,0.0
47,0903-1-ysc,0.0,word,1693715396.3460598,601.0,257.0,15.033296378372908,0.0,0.0
48,0903-1-ysc,0.0,word,1693715396.3783221,614.0,257.0,13.0,0.0,0.0
49,0903-1-ysc,0.0,word,1693715396.4106846,627.0,256.0,13.038404810405298,0.0,0.0
50,0903-1-ysc,0.0,word,1693715396.4428122,637.0,255.0,10.04987562112089,0.0,0.0
51,0903-1-ysc,0.0,word,1693715396.4740233,644.0,256.0,7.0710678118654755,0.0,0.0
52,0903-1-ysc,0.0,word,1693715396.5061283,650.0,256.0,6.0,0.0,0.0
53,0903-1-ysc,0.0,word,1693715396.522154,653.0,255.0,3.1622776601683795,0.0,0.0
54,0903-1-ysc,0.0,word,1693715396.5545866,657.0,254.0,4.123105625617661,0.0,0.0
55,0903-1-ysc,0.0,word,1693715396.586072,660.0,254.0,3.0,0.0,0.0
56,0903-1-ysc,0.0,word,1693715396.6183422,668.0,253.0,8.06225774829855,0.0,0.0
57,0903-1-ysc,0.0,word,1693715396.6505644,679.0,251.0,11.180339887498949,0.0,0.0
58,0903-1-ysc,0.0,word,1693715396.6826193,689.0,250.0,10.04987562112089,0.0,0.0
59,0903-1-ysc,0.0,word,1693715396.7146611,698.0,247.0,9.486832980505138,0.0,0.0
60,0903-1-ysc,0.0,word,1693715396.7467968,706.0,244.0,8.54400374531753,0.0,0.0
61,0903-1-ysc,0.0,word,1693715396.7780168,710.0,241.0,5.0,0.0,0.0
62,0903-1-ysc,0.0,word,1693715396.794946,714.0,239.0,4.47213595499958,0.0,0.0
63,0903-1-ysc,0.0,word,1693715396.8261611,718.0,239.0,4.0,0.0,0.0
64,0903-1-ysc,0.0,word,1693715396.8586397,721.0,238.0,3.1622776601683795,0.0,0.0
65,0903-1-ysc,0.0,word,1693715396.8906898,723.0,238.0,2.0,0.0,0.0
66,0903-1-ysc,0.0,word,1693715396.9227526,730.0,237.0,7.0710678118654755,0.0,0.0
67,0903-1-ysc,0.0,word,1693715396.9549067,742.0,235.0,12.165525060596439,0.0,0.0
68,0903-1-ysc,0.0,word,1693715396.9862247,753.0,234.0,11.045361017187261,0.0,0.0
69,0903-1-ysc,0.0,word,1693715397.018605,762.0,232.0,9.219544457292887,0.0,0.0
70,0903-1-ysc,0.0,word,1693715397.0507267,770.0,232.0,8.0,0.0,0.0
71,0903-1-ysc,0.0,word,1693715397.065987,782.0,232.0,12.0,0.0,0.0
72,0903-1-ysc,0.0,word,1693715397.0982175,804.0,232.0,22.0,0.0,0.0
73,0903-1-ysc,0.0,word,1693715397.130488,824.0,233.0,20.024984394500787,0.0,0.0
74,0903-1-ysc,0.0,word,1693715397.162599,839.0,234.0,15.033296378372908,0.0,0.0
75,0903-1-ysc,0.0,word,1693715397.1946223,852.0,236.0,13.152946437965905,0.0,0.0
76,0903-1-ysc,0.0,word,1693715397.2259824,866.0,238.0,14.142135623730951,0.0,0.0
77,0903-1-ysc,0.0,word,1693715397.2580817,906.0,235.0,40.11234224026316,0.0,0.0
78,0903-1-ysc,0.0,word,1693715397.2902899,951.0,233.0,45.044422518220834,0.0,0.0
79,0903-1-ysc,0.0,word,1693715397.3226068,981.0,232.0,30.01666203960727,0.0,0.0
80,0903-1-ysc,0.0,word,1693715397.3380225,1004.0,232.0,23.0,0.0,0.0
81,0903-1-ysc,0.0,word,1693715397.3701391,1019.0,232.0,15.0,0.0,0.0
82,0903-1-ysc,0.0,word,1693715397.4024775,1030.0,233.0,11.045361017187261,0.0,0.0
83,0903-1-ysc,0.0,word,1693715397.43498,1037.0,234.0,7.0710678118654755,0.0,0.0
84,0903-1-ysc,0.0,word,1693715397.4663134,1048.0,234.0,11.0,0.0,0.0
85,0903-1-ysc,0.0,word,1693715397.4985044,1061.0,234.0,13.0,0.0,0.0
86,0903-1-ysc,0.0,word,1693715397.5305145,1070.0,234.0,9.0,0.0,0.0
87,0903-1-ysc,0.0,word,1693715397.5627127,1077.0,235.0,7.0710678118654755,0.0,0.0
88,0903-1-ysc,0.0,word,1693715397.5786858,1083.0,236.0,6.082762530298219,0.0,0.0
89,0903-1-ysc,0.0,word,1693715397.6110058,1080.0,237.0,3.1622776601683795,0.0,0.0
90,0903-1-ysc,0.0,word,1693715397.642094,1075.0,237.0,5.0,0.0,0.0
91,0903-1-ysc,0.0,word,1693715397.6742969,1072.0,238.0,3.1622776601683795,0.0,0.0
92,0903-1-ysc,0.0,word,1693715397.7069747,1070.0,238.0,2.0,0.0,0.0
93,0903-1-ysc,0.0,word,1693715397.7383544,1069.0,239.0,1.4142135623730951,0.0,0.0
94,0903-1-ysc,0.0,word,1693715397.770095,1067.0,239.0,2.0,0.0,0.0
95,0903-1-ysc,0.0,word,1693715397.8023942,1066.0,238.0,1.4142135623730951,0.0,0.0
96,0903-1-ysc,0.0,word,1693715397.834655,1067.0,239.0,1.4142135623730951,0.0,0.0
97,0903-1-ysc,0.0,word,1693715397.8508937,1088.0,240.0,21.02379604162864,0.0,0.0
98,0903-1-ysc,0.0,word,1693715397.8821504,1135.0,244.0,47.16990566028302,0.0,0.0
99,0903-1-ysc,0.0,word,1693715397.914176,1183.0,247.0,48.093658625644196,0.0,0.0
100,0903-1-ysc,0.0,word,1693715397.9468539,1220.0,249.0,37.05401462729781,0.0,0.0
101,0903-1-ysc,0.0,word,1693715397.9781518,1249.0,249.0,29.0,0.0,0.0
102,0903-1-ysc,0.0,word,1693715398.0103343,1268.0,249.0,19.0,0.0,0.0
103,0903-1-ysc,0.0,word,1693715398.042555,1281.0,250.0,13.038404810405298,0.0,0.0
104,0903-1-ysc,0.0,word,1693715398.0740037,1304.0,253.0,23.194827009486403,0.0,0.0
105,0903-1-ysc,0.0,word,1693715398.1066794,1336.0,254.0,32.01562118716424,0.0,0.0
106,0903-1-ysc,0.0,word,1693715398.1225796,1360.0,254.0,24.0,0.0,0.0
107,0903-1-ysc,0.0,word,1693715398.1539836,1377.0,255.0,17.029386365926403,0.0,0.0
108,0903-1-ysc,0.0,word,1693715398.1863325,1391.0,255.0,14.0,0.0,0.0
109,0903-1-ysc,0.0,word,1693715398.2184396,1400.0,256.0,9.055385138137417,0.0,0.0
110,0903-1-ysc,0.0,word,1693715398.2500958,1406.0,258.0,6.324555320336759,0.0,0.0
111,0903-1-ysc,0.0,word,1693715398.2822711,1411.0,260.0,5.385164807134504,0.0,0.0
112,0903-1-ysc,0.0,word,1693715398.314576,1415.0,259.0,4.123105625617661,0.0,0.0
113,0903-1-ysc,0.0,word,1693715398.3466427,1416.0,259.0,1.0,0.0,0.0
114,0903-1-ysc,0.0,word,1693715398.378638,1412.0,258.0,4.123105625617661,0.0,0.0
115,0903-1-ysc,0.0,word,1693715398.3945515,1409.0,257.0,3.1622776601683795,0.0,0.0
116,0903-1-ysc,0.0,word,1693715398.4259968,1407.0,257.0,2.0,0.0,0.0
117,0903-1-ysc,0.0,word,1693715398.4583426,1406.0,256.0,1.4142135623730951,0.0,0.0
118,0903-1-ysc,0.0,word,1693715398.490563,1405.0,256.0,1.0,0.0,0.0
119,0903-1-ysc,0.0,word,1693715398.522716,1403.0,256.0,2.0,0.0,0.0
120,0903-1-ysc,0.0,word,1693715398.5546353,1401.0,255.0,2.23606797749979,0.0,0.0
121,0903-1-ysc,0.0,word,1693715398.585984,1399.0,255.0,2.0,0.0,0.0
122,0903-1-ysc,0.0,word,1693715398.6183994,1390.0,254.0,9.055385138137417,0.0,0.0
123,0903-1-ysc,0.0,word,1693715398.650124,1373.0,253.0,17.029386365926403,0.0,0.0
124,0903-1-ysc,0.0,word,1693715398.6661627,1356.0,252.0,17.029386365926403,0.0,0.0
125,0903-1-ysc,0.0,word,1693715398.6984577,1341.0,253.0,15.033296378372908,0.0,0.0
126,0903-1-ysc,0.0,word,1693715398.7308338,1330.0,254.0,11.045361017187261,0.0,0.0
127,0903-1-ysc,0.0,word,1693715398.7625725,1328.0,255.0,2.23606797749979,0.0,0.0
128,0903-1-ysc,0.0,word,1693715398.7949102,1330.0,255.0,2.0,0.0,0.0
129,0903-1-ysc,0.0,word,1693715398.826587,1332.0,254.0,2.23606797749979,0.0,0.0
130,0903-1-ysc,0.0,word,1693715398.8580723,1333.0,254.0,1.0,0.0,0.0
131,0903-1-ysc,0.0,word,1693715398.8902812,1334.0,253.0,1.4142135623730951,0.0,0.0
132,0903-1-ysc,0.0,word,1693715398.9225645,1335.0,253.0,1.0,0.0,0.0
133,0903-1-ysc,0.0,word,1693715398.9387271,1336.0,254.0,1.4142135623730951,0.0,0.0
134,0903-1-ysc,0.0,word,1693715398.9702394,1336.0,254.0,0.0,0.0,0.0
135,0903-1-ysc,0.0,word,1693715399.0033891,1336.0,253.0,1.0,0.0,0.0
136,0903-1-ysc,0.0,word,1693715399.034561,1336.0,254.0,1.0,0.0,0.0
137,0903-1-ysc,0.0,word,1693715399.066847,1336.0,254.0,0.0,0.0,0.0
138,0903-1-ysc,0.0,word,1693715399.0983438,1337.0,254.0,1.0,0.0,0.0
139,0903-1-ysc,0.0,word,1693715399.1300454,1337.0,255.0,1.0,0.0,0.0
140,0903-1-ysc,0.0,word,1693715399.1621373,1341.0,255.0,4.0,0.0,0.0
141,0903-1-ysc,0.0,word,1693715399.1940737,1349.0,255.0,8.0,0.0,0.0
142,0903-1-ysc,0.0,word,1693715399.210455,1358.0,256.0,9.055385138137417,0.0,0.0
143,0903-1-ysc,0.0,word,1693715399.242331,1367.0,257.0,9.055385138137417,0.0,0.0
144,0903-1-ysc,0.0,word,1693715399.274657,1375.0,258.0,8.06225774829855,0.0,0.0
145,0903-1-ysc,0.0,word,1693715399.3060298,1382.0,257.0,7.0710678118654755,0.0,0.0
146,0903-1-ysc,0.0,word,1693715399.3383632,1388.0,258.0,6.082762530298219,0.0,0.0
147,0903-1-ysc,0.0,word,1693715399.370328,1393.0,258.0,5.0,0.0,0.0
148,0903-1-ysc,0.0,word,1693715399.4023542,1398.0,258.0,5.0,0.0,0.0
149,0903-1-ysc,0.0,word,1693715399.434482,1401.0,258.0,3.0,0.0,0.0
150,0903-1-ysc,0.0,word,1693715399.466024,1404.0,258.0,3.0,0.0,0.0
151,0903-1-ysc,0.0,word,1693715399.4820213,1406.0,258.0,2.0,0.0,0.0
152,0903-1-ysc,0.0,word,1693715399.5144124,1408.0,259.0,2.23606797749979,0.0,0.0
153,0903-1-ysc,0.0,word,1693715399.5468125,1410.0,260.0,2.23606797749979,0.0,0.0
154,0903-1-ysc,0.0,word,1693715399.5789845,1411.0,261.0,1.4142135623730951,0.0,0.0
155,0903-1-ysc,0.0,word,1693715399.610958,1412.0,261.0,1.0,0.0,0.0
156,0903-1-ysc,0.0,word,1693715399.6420724,1413.0,261.0,1.0,0.0,0.0
157,0903-1-ysc,0.0,word,1693715399.6739876,1414.0,262.0,1.4142135623730951,0.0,0.0
158,0903-1-ysc,0.0,word,1693715399.7065413,1415.0,262.0,1.0,0.0,0.0
159,0903-1-ysc,0.0,word,1693715399.7388453,1415.0,262.0,0.0,0.0,0.0
160,0903-1-ysc,0.0,word,1693715399.7543955,1416.0,263.0,1.4142135623730951,0.0,0.0
161,0903-1-ysc,0.0,word,1693715399.7865088,1417.0,263.0,1.0,0.0,0.0
162,0903-1-ysc,0.0,word,1693715399.8189375,1422.0,264.0,5.0990195135927845,0.0,0.0
163,0903-1-ysc,0.0,word,1693715399.8500857,1429.0,266.0,7.280109889280518,0.0,0.0
164,0903-1-ysc,0.0,word,1693715399.8823469,1436.0,268.0,7.280109889280518,0.0,0.0
165,0903-1-ysc,0.0,word,1693715399.9149005,1443.0,269.0,7.0710678118654755,0.0,0.0
166,0903-1-ysc,0.0,word,1693715399.9467845,1449.0,270.0,6.082762530298219,0.0,0.0
167,0903-1-ysc,0.0,word,1693715399.9782162,1458.0,271.0,9.055385138137417,0.0,0.0
168,0903-1-ysc,0.0,word,1693715400.0103562,1469.0,271.0,11.0,0.0,0.0
169,0903-1-ysc,0.0,word,1693715400.0263255,1478.0,272.0,9.055385138137417,0.0,0.0
170,0903-1-ysc,0.0,word,1693715400.058326,1470.0,273.0,8.06225774829855,0.0,0.0
171,0903-1-ysc,0.0,word,1693715400.0903475,1404.0,271.0,66.03029607687671,0.0,0.0
172,0903-1-ysc,0.0,word,1693715400.122895,1053.0,295.0,351.81955602268613,0.0,0.0
173,0903-1-ysc,0.0,word,1693715400.1540835,701.0,330.0,353.73577709923546,0.0,0.0
174,0903-1-ysc,0.0,word,1693715400.1866348,530.0,344.0,171.572142260916,0.0,0.0
175,0903-1-ysc,0.0,word,1693715400.2185204,459.0,347.0,71.06335201775947,0.0,0.0
176,0903-1-ysc,0.0,word,1693715400.250444,428.0,348.0,31.016124838541646,0.0,0.0
177,0903-1-ysc,0.0,word,1693715400.2828574,412.0,352.0,16.492422502470642,0.0,0.0
178,0903-1-ysc,0.0,word,1693715400.2989585,403.0,354.0,9.219544457292887,0.0,0.0
179,0903-1-ysc,0.0,word,1693715400.330151,399.0,354.0,4.0,0.0,0.0
180,0903-1-ysc,0.0,word,1693715400.3621206,396.0,354.0,3.0,0.0,0.0
181,0903-1-ysc,0.0,word,1693715400.3944178,417.0,351.0,21.213203435596427,0.0,0.0
182,0903-1-ysc,0.0,word,1693715400.4269059,444.0,349.0,27.073972741361768,0.0,0.0
183,0903-1-ysc,0.0,word,1693715400.4582286,454.0,348.0,10.04987562112089,0.0,0.0
184,0903-1-ysc,0.0,word,1693715400.4902024,470.0,346.0,16.1245154965971,0.0,0.0
185,0903-1-ysc,0.0,word,1693715400.5229151,494.0,343.0,24.186773244895647,0.0,0.0
186,0903-1-ysc,0.0,word,1693715400.554871,518.0,340.0,24.186773244895647,0.0,0.0
187,0903-1-ysc,0.0,word,1693715400.5708609,538.0,338.0,20.09975124224178,0.0,0.0
188,0903-1-ysc,0.0,word,1693715400.6022148,577.0,336.0,39.05124837953327,0.0,0.0
189,0903-1-ysc,0.0,word,1693715400.634281,624.0,333.0,47.095647357266465,0.0,0.0
190,0903-1-ysc,0.0,word,1693715400.6663556,659.0,330.0,35.12833614050059,0.0,0.0
191,0903-1-ysc,0.0,word,1693715400.6988328,683.0,328.0,24.08318915758459,0.0,0.0
192,0903-1-ysc,0.0,word,1693715400.730158,698.0,327.0,15.033296378372908,0.0,0.0
193,0903-1-ysc,0.0,word,1693715400.7621043,709.0,326.0,11.045361017187261,0.0,0.0
194,0903-1-ysc,0.0,word,1693715400.7941701,735.0,326.0,26.0,0.0,0.0
195,0903-1-ysc,0.0,word,1693715400.8266702,760.0,325.0,25.019992006393608,0.0,0.0
196,0903-1-ysc,0.0,word,1693715400.8426037,779.0,324.0,19.026297590440446,0.0,0.0
197,0903-1-ysc,0.0,word,1693715400.8747318,792.0,322.0,13.152946437965905,0.0,0.0
198,0903-1-ysc,0.0,word,1693715400.9060225,800.0,322.0,8.0,0.0,0.0
199,0903-1-ysc,0.0,word,1693715400.9381819,806.0,322.0,6.0,0.0,0.0
200,0903-1-ysc,0.0,word,1693715400.9706342,810.0,321.0,4.123105625617661,0.0,0.0
201,0903-1-ysc,0.0,word,1693715401.0025196,813.0,321.0,3.0,0.0,0.0
202,0903-1-ysc,0.0,word,1693715401.0345192,803.0,321.0,10.0,0.0,0.0
203,0903-1-ysc,0.0,word,1693715401.0660248,794.0,321.0,9.0,0.0,0.0
204,0903-1-ysc,0.0,word,1693715401.0981,771.0,322.0,23.021728866442675,0.0,0.0
205,0903-1-ysc,0.0,word,1693715401.1141484,739.0,322.0,32.0,0.0,0.0
206,0903-1-ysc,0.0,word,1693715401.146452,710.0,323.0,29.017236257093817,0.0,0.0
207,0903-1-ysc,0.0,word,1693715401.1786926,686.0,326.0,24.186773244895647,0.0,0.0
208,0903-1-ysc,0.0,word,1693715401.2107654,668.0,328.0,18.110770276274835,0.0,0.0
209,0903-1-ysc,0.0,word,1693715401.2420218,654.0,327.0,14.035668847618199,0.0,0.0
210,0903-1-ysc,0.0,word,1693715401.2740595,644.0,325.0,10.198039027185569,0.0,0.0
211,0903-1-ysc,0.0,word,1693715401.306637,638.0,325.0,6.0,0.0,0.0
212,0903-1-ysc,0.0,word,1693715401.338884,632.0,326.0,6.082762530298219,0.0,0.0
213,0903-1-ysc,0.0,word,1693715401.3548932,635.0,325.0,3.1622776601683795,0.0,0.0
214,0903-1-ysc,0.0,word,1693715401.3861904,656.0,323.0,21.095023109728988,0.0,0.0
215,0903-1-ysc,0.0,word,1693715401.4185631,724.0,318.0,68.18357573492314,0.0,0.0
216,0903-1-ysc,0.0,word,1693715401.4501421,811.0,312.0,87.20665112249179,0.0,0.0
217,0903-1-ysc,0.0,word,1693715401.4821606,879.0,307.0,68.18357573492314,0.0,0.0
218,0903-1-ysc,0.0,word,1693715401.5145793,927.0,304.0,48.093658625644196,0.0,0.0
219,0903-1-ysc,0.0,word,1693715401.5460818,961.0,302.0,34.058772731852805,0.0,0.0
220,0903-1-ysc,0.0,word,1693715401.578121,1026.0,301.0,65.00769185258002,0.0,0.0
221,0903-1-ysc,0.0,word,1693715401.6102026,1084.0,306.0,58.215118311311535,0.0,0.0
222,0903-1-ysc,0.0,word,1693715401.6422706,1117.0,309.0,33.13608305156178,0.0,0.0
223,0903-1-ysc,0.0,word,1693715401.6586158,1139.0,312.0,22.20360331117452,0.0,0.0
224,0903-1-ysc,0.0,word,1693715401.6909745,1153.0,312.0,14.0,0.0,0.0
225,0903-1-ysc,0.0,word,1693715401.7223873,1161.0,313.0,8.06225774829855,0.0,0.0
226,0903-1-ysc,0.0,word,1693715401.7548172,1170.0,314.0,9.055385138137417,0.0,0.0
227,0903-1-ysc,0.0,word,1693715401.7860117,1178.0,315.0,8.06225774829855,0.0,0.0
228,0903-1-ysc,0.0,word,1693715401.8181376,1185.0,315.0,7.0,0.0,0.0
229,0903-1-ysc,0.0,word,1693715401.8507113,1189.0,315.0,4.0,0.0,0.0
230,0903-1-ysc,0.0,word,1693715401.882905,1193.0,317.0,4.47213595499958,0.0,0.0
231,0903-1-ysc,0.0,word,1693715401.9140034,1195.0,318.0,2.23606797749979,0.0,0.0
232,0903-1-ysc,0.0,word,1693715401.9302862,1201.0,319.0,6.082762530298219,0.0,0.0
233,0903-1-ysc,0.0,word,1693715401.962396,1230.0,319.0,29.0,0.0,0.0
234,0903-1-ysc,0.0,word,1693715401.994976,1269.0,319.0,39.0,0.0,0.0
235,0903-1-ysc,0.0,word,1693715402.0263708,1302.0,321.0,33.06055050963308,0.0,0.0
236,0903-1-ysc,0.0,word,1693715402.0589204,1327.0,323.0,25.079872407968907,0.0,0.0
237,0903-1-ysc,0.0,word,1693715402.090212,1345.0,325.0,18.110770276274835,0.0,0.0
238,0903-1-ysc,0.0,word,1693715402.1225128,1357.0,325.0,12.0,0.0,0.0
239,0903-1-ysc,0.0,word,1693715402.1544733,1366.0,325.0,9.0,0.0,0.0
240,0903-1-ysc,0.0,word,1693715402.170448,1371.0,325.0,5.0,0.0,0.0
241,0903-1-ysc,0.0,word,1693715402.2020063,1375.0,327.0,4.47213595499958,0.0,0.0
242,0903-1-ysc,0.0,word,1693715402.2341366,1379.0,327.0,4.0,0.0,0.0
243,0903-1-ysc,0.0,word,1693715402.2666702,1382.0,327.0,3.0,0.0,0.0
244,0903-1-ysc,0.0,word,1693715402.2987282,1383.0,328.0,1.4142135623730951,0.0,0.0
245,0903-1-ysc,0.0,word,1693715402.3308644,1385.0,329.0,2.23606797749979,0.0,0.0
246,0903-1-ysc,0.0,word,1693715402.3621528,1385.0,329.0,0.0,0.0,0.0
247,0903-1-ysc,0.0,word,1693715402.3942754,1383.0,330.0,2.23606797749979,0.0,0.0
248,0903-1-ysc,0.0,word,1693715402.4268575,1382.0,330.0,1.0,0.0,0.0
249,0903-1-ysc,0.0,word,1693715402.4428575,1381.0,330.0,1.0,0.0,0.0
250,0903-1-ysc,0.0,word,1693715402.4750266,1380.0,330.0,1.0,0.0,0.0
251,0903-1-ysc,0.0,word,1693715402.506183,1380.0,330.0,0.0,0.0,0.0
252,0903-1-ysc,0.0,word,1693715402.5382779,1379.0,330.0,1.0,0.0,0.0
253,0903-1-ysc,0.0,word,1693715402.57032,1379.0,330.0,0.0,0.0,0.0
254,0903-1-ysc,0.0,word,1693715402.6023479,1378.0,330.0,1.0,0.0,0.0
255,0903-1-ysc,0.0,word,1693715402.6343489,1379.0,329.0,1.4142135623730951,0.0,0.0
256,0903-1-ysc,0.0,word,1693715402.6664732,1381.0,330.0,2.23606797749979,0.0,0.0
257,0903-1-ysc,0.0,word,1693715402.6987574,1383.0,330.0,2.0,0.0,0.0
258,0903-1-ysc,0.0,word,1693715402.7147295,1386.0,331.0,3.1622776601683795,0.0,0.0
259,0903-1-ysc,0.0,word,1693715402.746037,1389.0,331.0,3.0,0.0,0.0
260,0903-1-ysc,0.0,word,1693715402.778559,1392.0,332.0,3.1622776601683795,0.0,0.0
261,0903-1-ysc,0.0,word,1693715402.8108833,1395.0,332.0,3.0,0.0,0.0
262,0903-1-ysc,0.0,word,1693715402.842057,1403.0,332.0,8.0,0.0,0.0
263,0903-1-ysc,0.0,word,1693715402.8744917,1413.0,332.0,10.0,0.0,0.0
264,0903-1-ysc,0.0,word,1693715402.9059994,1422.0,332.0,9.0,0.0,0.0
265,0903-1-ysc,0.0,word,1693715402.938335,1431.0,332.0,9.0,0.0,0.0
266,0903-1-ysc,0.0,word,1693715402.970581,1438.0,332.0,7.0,0.0,0.0
267,0903-1-ysc,0.0,word,1693715402.9869108,1445.0,332.0,7.0,0.0,0.0
268,0903-1-ysc,0.0,word,1693715403.0185008,1449.0,331.0,4.123105625617661,0.0,0.0
269,0903-1-ysc,0.0,word,1693715403.050805,1449.0,331.0,0.0,0.0,0.0
270,0903-1-ysc,0.0,word,1693715403.0828054,1446.0,331.0,3.0,0.0,0.0
271,0903-1-ysc,0.0,word,1693715403.114023,1444.0,331.0,2.0,0.0,0.0
272,0903-1-ysc,0.0,word,1693715403.1461139,1442.0,331.0,2.0,0.0,0.0
273,0903-1-ysc,0.0,word,1693715403.178728,1441.0,332.0,1.4142135623730951,0.0,0.0
274,0903-1-ysc,0.0,word,1693715403.2107632,1443.0,331.0,2.23606797749979,0.0,0.0
275,0903-1-ysc,0.0,word,1693715403.2429788,1447.0,331.0,4.0,0.0,0.0
276,0903-1-ysc,0.0,word,1693715403.258979,1453.0,332.0,6.082762530298219,0.0,0.0
277,0903-1-ysc,0.0,word,1693715403.2929022,1458.0,333.0,5.0990195135927845,0.0,0.0
278,0903-1-ysc,0.0,word,1693715403.3229434,1461.0,334.0,3.1622776601683795,0.0,0.0
279,0903-1-ysc,0.0,word,1693715403.3548932,1430.0,332.0,31.064449134018133,0.0,0.0
280,0903-1-ysc,0.0,word,1693715403.3868933,1157.0,350.0,273.59276306218334,0.0,0.0
281,0903-1-ysc,0.0,word,1693715403.4182334,787.0,384.0,371.5588782413899,0.0,0.0
282,0903-1-ysc,0.0,word,1693715403.4505088,585.0,398.0,202.48456731316588,0.0,0.0
283,0903-1-ysc,0.0,word,1693715403.4825737,496.0,404.0,89.20201791439474,0.0,0.0
284,0903-1-ysc,0.0,word,1693715403.5145745,460.0,405.0,36.013886210738214,0.0,0.0
285,0903-1-ysc,0.0,word,1693715403.530573,441.0,405.0,19.0,0.0,0.0
286,0903-1-ysc,0.0,word,1693715403.562466,417.0,407.0,24.08318915758459,0.0,0.0
287,0903-1-ysc,0.0,word,1693715403.5949185,400.0,408.0,17.029386365926403,0.0,0.0
288,0903-1-ysc,0.0,word,1693715403.6262834,390.0,408.0,10.0,0.0,0.0
289,0903-1-ysc,0.0,word,1693715403.6588204,384.0,410.0,6.324555320336759,0.0,0.0
290,0903-1-ysc,0.0,word,1693715403.6909966,380.0,411.0,4.123105625617661,0.0,0.0
291,0903-1-ysc,0.0,word,1693715403.7229073,400.0,410.0,20.024984394500787,0.0,0.0
292,0903-1-ysc,0.0,word,1693715403.7547152,420.0,409.0,20.024984394500787,0.0,0.0
293,0903-1-ysc,0.0,word,1693715403.786924,440.0,406.0,20.223748416156685,0.0,0.0
294,0903-1-ysc,0.0,word,1693715403.8029234,477.0,402.0,37.21558813185679,0.0,0.0
295,0903-1-ysc,0.0,word,1693715403.834263,515.0,398.0,38.2099463490856,0.0,0.0
296,0903-1-ysc,0.0,word,1693715403.86681,546.0,393.0,31.400636936215164,0.0,0.0
297,0903-1-ysc,0.0,word,1693715403.8979995,584.0,387.0,38.47076812334269,0.0,0.0
298,0903-1-ysc,0.0,word,1693715403.9301965,624.0,382.0,40.311288741492746,0.0,0.0
299,0903-1-ysc,0.0,word,1693715403.9624975,651.0,379.0,27.16615541441225,0.0,0.0
300,0903-1-ysc,0.0,word,1693715403.9947708,669.0,376.0,18.24828759089466,0.0,0.0
301,0903-1-ysc,0.0,word,1693715404.0261211,683.0,374.0,14.142135623730951,0.0,0.0
302,0903-1-ysc,0.0,word,1693715404.0585911,692.0,374.0,9.0,0.0,0.0
303,0903-1-ysc,0.0,word,1693715404.07465,698.0,374.0,6.0,0.0,0.0
304,0903-1-ysc,0.0,word,1693715404.10603,701.0,374.0,3.0,0.0,0.0
305,0903-1-ysc,0.0,word,1693715404.138336,703.0,374.0,2.0,0.0,0.0
306,0903-1-ysc,0.0,word,1693715404.170468,705.0,375.0,2.23606797749979,0.0,0.0
307,0903-1-ysc,0.0,word,1693715404.2024925,707.0,375.0,2.0,0.0,0.0
308,0903-1-ysc,0.0,word,1693715404.2344105,709.0,376.0,2.23606797749979,0.0,0.0
309,0903-1-ysc,0.0,word,1693715404.2668982,704.0,377.0,5.0990195135927845,0.0,0.0
310,0903-1-ysc,0.0,word,1693715404.298183,694.0,378.0,10.04987562112089,0.0,0.0
311,0903-1-ysc,0.0,word,1693715404.3303847,670.0,379.0,24.020824298928627,0.0,0.0
312,0903-1-ysc,0.0,word,1693715404.3466685,639.0,381.0,31.064449134018133,0.0,0.0
313,0903-1-ysc,0.0,word,1693715404.378089,610.0,384.0,29.154759474226502,0.0,0.0
314,0903-1-ysc,0.0,word,1693715404.4102926,584.0,385.0,26.019223662515376,0.0,0.0
315,0903-1-ysc,0.0,word,1693715404.442491,566.0,386.0,18.027756377319946,0.0,0.0
316,0903-1-ysc,0.0,word,1693715404.474,542.0,388.0,24.08318915758459,0.0,0.0
317,0903-1-ysc,0.0,word,1693715404.506153,515.0,390.0,27.073972741361768,0.0,0.0
318,0903-1-ysc,0.0,word,1693715404.5382392,495.0,390.0,20.0,0.0,0.0
319,0903-1-ysc,0.0,word,1693715404.5702808,480.0,392.0,15.132745950421556,0.0,0.0
320,0903-1-ysc,0.0,word,1693715404.6025717,470.0,394.0,10.198039027185569,0.0,0.0
321,0903-1-ysc,0.0,word,1693715404.618675,463.0,394.0,7.0,0.0,0.0
322,0903-1-ysc,0.0,word,1693715404.650393,456.0,394.0,7.0,0.0,0.0
323,0903-1-ysc,0.0,word,1693715404.6823123,452.0,393.0,4.123105625617661,0.0,0.0
324,0903-1-ysc,0.0,word,1693715404.7146492,449.0,394.0,3.1622776601683795,0.0,0.0
325,0903-1-ysc,0.0,word,1693715404.7460074,454.0,393.0,5.0990195135927845,0.0,0.0
326,0903-1-ysc,0.0,word,1693715404.778642,460.0,393.0,6.0,0.0,0.0
327,0903-1-ysc,0.0,word,1693715404.810702,462.0,393.0,2.0,0.0,0.0
328,0903-1-ysc,0.0,word,1693715404.8426304,464.0,393.0,2.0,0.0,0.0
329,0903-1-ysc,0.0,word,1693715404.8741825,472.0,392.0,8.06225774829855,0.0,0.0
330,0903-1-ysc,0.0,word,1693715404.8906226,565.0,389.0,93.04837451562494,0.0,0.0
331,0903-1-ysc,0.0,word,1693715404.9228191,722.0,381.0,157.20368952413298,0.0,0.0
332,0903-1-ysc,0.0,word,1693715404.9549794,834.0,380.0,112.0044641967453,0.0,0.0
333,0903-1-ysc,0.0,word,1693715404.9865575,899.0,378.0,65.03076195155643,0.0,0.0
334,0903-1-ysc,0.0,word,1693715405.0186481,933.0,378.0,34.0,0.0,0.0
335,0903-1-ysc,0.0,word,1693715405.0509858,953.0,380.0,20.09975124224178,0.0,0.0
336,0903-1-ysc,0.0,word,1693715405.0820122,963.0,381.0,10.04987562112089,0.0,0.0
337,0903-1-ysc,0.0,word,1693715405.114469,969.0,383.0,6.324555320336759,0.0,0.0
338,0903-1-ysc,0.0,word,1693715405.1304762,973.0,383.0,4.0,0.0,0.0
339,0903-1-ysc,0.0,word,1693715405.1626194,970.0,381.0,3.605551275463989,0.0,0.0
340,0903-1-ysc,0.0,word,1693715405.1948874,967.0,380.0,3.1622776601683795,0.0,0.0
341,0903-1-ysc,0.0,word,1693715405.2268035,966.0,379.0,1.4142135623730951,0.0,0.0
342,0903-1-ysc,0.0,word,1693715405.258834,965.0,379.0,1.0,0.0,0.0
343,0903-1-ysc,0.0,word,1693715405.290057,964.0,378.0,1.4142135623730951,0.0,0.0
344,0903-1-ysc,0.0,word,1693715405.3221223,963.0,377.0,1.4142135623730951,0.0,0.0
345,0903-1-ysc,0.0,word,1693715405.3543563,962.0,378.0,1.4142135623730951,0.0,0.0
346,0903-1-ysc,0.0,word,1693715405.386843,962.0,378.0,0.0,0.0,0.0
347,0903-1-ysc,0.0,word,1693715405.4027843,962.0,378.0,0.0,0.0,0.0
348,0903-1-ysc,0.0,word,1693715405.4341161,962.0,378.0,0.0,0.0,0.0
349,0903-1-ysc,0.0,word,1693715405.4665048,962.0,378.0,0.0,0.0,0.0
350,0903-1-ysc,0.0,word,1693715405.498972,963.0,379.0,1.4142135623730951,0.0,0.0
351,0903-1-ysc,0.0,word,1693715405.5303662,970.0,379.0,7.0,0.0,0.0
352,0903-1-ysc,0.0,word,1693715405.56258,979.0,380.0,9.055385138137417,0.0,0.0
353,0903-1-ysc,0.0,word,1693715405.594893,988.0,382.0,9.219544457292887,0.0,0.0
354,0903-1-ysc,0.0,word,1693715405.6261473,996.0,385.0,8.54400374531753,0.0,0.0
355,0903-1-ysc,0.0,word,1693715405.658896,1004.0,387.0,8.246211251235321,0.0,0.0
356,0903-1-ysc,0.0,word,1693715405.6749291,1011.0,387.0,7.0,0.0,0.0
357,0903-1-ysc,0.0,word,1693715405.7061658,1016.0,387.0,5.0,0.0,0.0
358,0903-1-ysc,0.0,word,1693715405.7380414,1019.0,389.0,3.605551275463989,0.0,0.0
359,0903-1-ysc,0.0,word,1693715405.7702525,1026.0,390.0,7.0710678118654755,0.0,0.0
360,0903-1-ysc,0.0,word,1693715405.8024492,1038.0,390.0,12.0,0.0,0.0
361,0903-1-ysc,0.0,word,1693715405.8345928,1049.0,388.0,11.180339887498949,0.0,0.0
362,0903-1-ysc,0.0,word,1693715405.8669043,1058.0,387.0,9.055385138137417,0.0,0.0
363,0903-1-ysc,0.0,word,1693715405.8981807,1066.0,387.0,8.0,0.0,0.0
364,0903-1-ysc,0.0,word,1693715405.9303744,1072.0,387.0,6.0,0.0,0.0
365,0903-1-ysc,0.0,word,1693715405.9466672,1077.0,387.0,5.0,0.0,0.0
366,0903-1-ysc,0.0,word,1693715405.978891,1094.0,387.0,17.0,0.0,0.0
367,0903-1-ysc,0.0,word,1693715406.0100043,1117.0,387.0,23.0,0.0,0.0
368,0903-1-ysc,0.0,word,1693715406.043038,1139.0,389.0,22.090722034374522,0.0,0.0
369,0903-1-ysc,0.0,word,1693715406.0743918,1158.0,391.0,19.1049731745428,0.0,0.0
370,0903-1-ysc,0.0,word,1693715406.10687,1171.0,393.0,13.152946437965905,0.0,0.0
371,0903-1-ysc,0.0,word,1693715406.1381278,1180.0,391.0,9.219544457292887,0.0,0.0
372,0903-1-ysc,0.0,word,1693715406.1701286,1187.0,390.0,7.0710678118654755,0.0,0.0
373,0903-1-ysc,0.0,word,1693715406.202325,1192.0,389.0,5.0990195135927845,0.0,0.0
374,0903-1-ysc,0.0,word,1693715406.2185588,1195.0,387.0,3.605551275463989,0.0,0.0
375,0903-1-ysc,0.0,word,1693715406.2502818,1198.0,388.0,3.1622776601683795,0.0,0.0
376,0903-1-ysc,0.0,word,1693715406.282685,1209.0,390.0,11.180339887498949,0.0,0.0
377,0903-1-ysc,0.0,word,1693715406.3149211,1229.0,391.0,20.024984394500787,0.0,0.0
378,0903-1-ysc,0.0,word,1693715406.3464973,1251.0,391.0,22.0,0.0,0.0
379,0903-1-ysc,0.0,word,1693715406.3788528,1267.0,391.0,16.0,0.0,0.0
380,0903-1-ysc,0.0,word,1693715406.410044,1279.0,391.0,12.0,0.0,0.0
381,0903-1-ysc,0.0,word,1693715406.4421637,1289.0,392.0,10.04987562112089,0.0,0.0
382,0903-1-ysc,0.0,word,1693715406.474291,1298.0,391.0,9.055385138137417,0.0,0.0
383,0903-1-ysc,0.0,word,1693715406.490232,1305.0,391.0,7.0,0.0,0.0
384,0903-1-ysc,0.0,word,1693715406.5226526,1310.0,390.0,5.0990195135927845,0.0,0.0
385,0903-1-ysc,0.0,word,1693715406.5543795,1314.0,389.0,4.123105625617661,0.0,0.0
386,0903-1-ysc,0.0,word,1693715406.5860841,1317.0,388.0,3.1622776601683795,0.0,0.0
387,0903-1-ysc,0.0,word,1693715406.6184087,1320.0,388.0,3.0,0.0,0.0
388,0903-1-ysc,0.0,word,1693715406.6500094,1327.0,386.0,7.280109889280518,0.0,0.0
389,0903-1-ysc,0.0,word,1693715406.6827343,1333.0,386.0,6.0,0.0,0.0
390,0903-1-ysc,0.0,word,1693715406.714623,1339.0,387.0,6.082762530298219,0.0,0.0
391,0903-1-ysc,0.0,word,1693715406.7466238,1345.0,388.0,6.082762530298219,0.0,0.0
392,0903-1-ysc,0.0,word,1693715406.7628045,1349.0,387.0,4.123105625617661,0.0,0.0
393,0903-1-ysc,0.0,word,1693715406.7948904,1352.0,387.0,3.0,0.0,0.0
394,0903-1-ysc,0.0,word,1693715406.8269591,1354.0,388.0,2.23606797749979,0.0,0.0
395,0903-1-ysc,0.0,word,1693715406.8584383,1354.0,388.0,0.0,0.0,0.0
396,0903-1-ysc,0.0,word,1693715406.890663,1348.0,389.0,6.082762530298219,0.0,0.0
397,0903-1-ysc,0.0,word,1693715406.9227233,1342.0,388.0,6.082762530298219,0.0,0.0
398,0903-1-ysc,0.0,word,1693715406.954637,1329.0,387.0,13.038404810405298,0.0,0.0
399,0903-1-ysc,0.0,word,1693715406.9867935,1312.0,388.0,17.029386365926403,0.0,0.0
400,0903-1-ysc,0.0,word,1693715407.0181563,1295.0,387.0,17.029386365926403,0.0,0.0
401,0903-1-ysc,0.0,word,1693715407.0340436,1283.0,388.0,12.041594578792296,0.0,0.0
402,0903-1-ysc,0.0,word,1693715407.0665162,1209.0,391.0,74.06078584514209,0.0,0.0
403,0903-1-ysc,0.0,word,1693715407.0989704,1013.0,407.0,196.65197685250968,0.0,0.0
404,0903-1-ysc,0.0,word,1693715407.1301243,843.0,422.0,170.66048165876012,0.0,0.0
405,0903-1-ysc,0.0,word,1693715407.1621234,750.0,432.0,93.53608929178085,0.0,0.0
406,0903-1-ysc,0.0,word,1693715407.1941264,704.0,436.0,46.17358552246078,0.0,0.0
407,0903-1-ysc,0.0,word,1693715407.22691,681.0,433.0,23.194827009486403,0.0,0.0
408,0903-1-ysc,0.0,word,1693715407.2580101,629.0,438.0,52.23983154643591,0.0,0.0
409,0903-1-ysc,0.0,word,1693715407.2900102,572.0,446.0,57.55866572463264,0.0,0.0
410,0903-1-ysc,0.0,word,1693715407.3069377,536.0,448.0,36.05551275463989,0.0,0.0
411,0903-1-ysc,0.0,word,1693715407.3381789,516.0,449.0,20.024984394500787,0.0,0.0
412,0903-1-ysc,0.0,word,1693715407.3708,502.0,449.0,14.0,0.0,0.0
413,0903-1-ysc,0.0,word,1693715407.4020612,492.0,450.0,10.04987562112089,0.0,0.0
414,0903-1-ysc,0.0,word,1693715407.4341586,484.0,449.0,8.06225774829855,0.0,0.0
415,0903-1-ysc,0.0,word,1693715407.4665086,477.0,450.0,7.0710678118654755,0.0,0.0
416,0903-1-ysc,0.0,word,1693715407.4982154,469.0,450.0,8.0,0.0,0.0
417,0903-1-ysc,0.0,word,1693715407.5303094,464.0,448.0,5.385164807134504,0.0,0.0
418,0903-1-ysc,0.0,word,1693715407.562612,461.0,448.0,3.0,0.0,0.0
419,0903-1-ysc,0.0,word,1693715407.578676,459.0,449.0,2.23606797749979,0.0,0.0
420,0903-1-ysc,0.0,word,1693715407.6109042,457.0,451.0,2.8284271247461903,0.0,0.0
421,0903-1-ysc,0.0,word,1693715407.6426096,463.0,452.0,6.082762530298219,0.0,0.0
422,0903-1-ysc,0.0,word,1693715407.6745856,470.0,451.0,7.0710678118654755,0.0,0.0
423,0903-1-ysc,0.0,word,1693715407.7068174,485.0,451.0,15.0,0.0,0.0
424,0903-1-ysc,0.0,word,1693715407.7383184,506.0,452.0,21.02379604162864,0.0,0.0
425,0903-1-ysc,0.0,word,1693715407.7709644,531.0,451.0,25.019992006393608,0.0,0.0
426,0903-1-ysc,0.0,word,1693715407.8019993,592.0,447.0,61.1310068623117,0.0,0.0
427,0903-1-ysc,0.0,word,1693715407.8343015,668.0,443.0,76.10519036176179,0.0,0.0
428,0903-1-ysc,0.0,word,1693715407.8506105,726.0,440.0,58.077534382926416,0.0,0.0
429,0903-1-ysc,0.0,word,1693715407.8820074,763.0,437.0,37.12142238654117,0.0,0.0
430,0903-1-ysc,0.0,word,1693715407.9140508,785.0,436.0,22.02271554554524,0.0,0.0
431,0903-1-ysc,0.0,word,1693715407.946456,800.0,432.0,15.524174696260024,0.0,0.0
432,0903-1-ysc,0.0,word,1693715407.9789243,808.0,433.0,8.06225774829855,0.0,0.0
433,0903-1-ysc,0.0,word,1693715408.0100214,815.0,434.0,7.0710678118654755,0.0,0.0
434,0903-1-ysc,0.0,word,1693715408.042175,843.0,435.0,28.0178514522438,0.0,0.0
435,0903-1-ysc,0.0,word,1693715408.0745385,910.0,437.0,67.02984409947557,0.0,0.0
436,0903-1-ysc,0.0,word,1693715408.1068556,972.0,437.0,62.0,0.0,0.0
437,0903-1-ysc,0.0,word,1693715408.1224458,1014.0,438.0,42.01190307520001,0.0,0.0
438,0903-1-ysc,0.0,word,1693715408.1544316,1040.0,443.0,26.476404589747453,0.0,0.0
439,0903-1-ysc,0.0,word,1693715408.186632,1056.0,442.0,16.0312195418814,0.0,0.0
440,0903-1-ysc,0.0,word,1693715408.218907,1084.0,439.0,28.160255680657446,0.0,0.0
441,0903-1-ysc,0.0,word,1693715408.2507813,1125.0,441.0,41.048751503547585,0.0,0.0
442,0903-1-ysc,0.0,word,1693715408.2820656,1159.0,446.0,34.36568055487916,0.0,0.0
443,0903-1-ysc,0.0,word,1693715408.31403,1181.0,447.0,22.02271554554524,0.0,0.0
444,0903-1-ysc,0.0,word,1693715408.3461113,1196.0,449.0,15.132745950421556,0.0,0.0
445,0903-1-ysc,0.0,word,1693715408.378578,1208.0,448.0,12.041594578792296,0.0,0.0
446,0903-1-ysc,0.0,word,1693715408.394578,1232.0,445.0,24.186773244895647,0.0,0.0
447,0903-1-ysc,0.0,word,1693715408.4269032,1258.0,445.0,26.0,0.0,0.0
448,0903-1-ysc,0.0,word,1693715408.4584274,1277.0,447.0,19.1049731745428,0.0,0.0
449,0903-1-ysc,0.0,word,1693715408.4900205,1288.0,447.0,11.0,0.0,0.0
450,0903-1-ysc,0.0,word,1693715408.5225992,1299.0,446.0,11.045361017187261,0.0,0.0
451,0903-1-ysc,0.0,word,1693715408.5547233,1306.0,447.0,7.0710678118654755,0.0,0.0
452,0903-1-ysc,0.0,word,1693715408.5868616,1310.0,448.0,4.123105625617661,0.0,0.0
453,0903-1-ysc,0.0,word,1693715408.6183298,1313.0,449.0,3.1622776601683795,0.0,0.0
454,0903-1-ysc,0.0,word,1693715408.650906,1308.0,449.0,5.0,0.0,0.0
455,0903-1-ysc,0.0,word,1693715408.666793,1298.0,448.0,10.04987562112089,0.0,0.0
456,0903-1-ysc,0.0,word,1693715408.698927,1278.0,448.0,20.0,0.0,0.0
457,0903-1-ysc,0.0,word,1693715408.7303727,1242.0,448.0,36.0,0.0,0.0
458,0903-1-ysc,0.0,word,1693715408.7625866,1206.0,450.0,36.05551275463989,0.0,0.0
459,0903-1-ysc,0.0,word,1693715408.7947385,1178.0,451.0,28.0178514522438,0.0,0.0
460,0903-1-ysc,0.0,word,1693715408.8269708,1154.0,451.0,24.0,0.0,0.0
461,0903-1-ysc,0.0,word,1693715408.858197,1179.0,451.0,25.0,0.0,0.0
462,0903-1-ysc,0.0,word,1693715408.8904896,1201.0,451.0,22.0,0.0,0.0
463,0903-1-ysc,0.0,word,1693715408.9063897,1259.0,451.0,58.0,0.0,0.0
464,0903-1-ysc,0.0,word,1693715408.9389691,1329.0,453.0,70.02856560004639,0.0,0.0
465,0903-1-ysc,0.0,word,1693715408.9710007,1387.0,453.0,58.0,0.0,0.0
466,0903-1-ysc,0.0,word,1693715409.0020955,1427.0,453.0,40.0,0.0,0.0
467,0903-1-ysc,0.0,word,1693715409.034561,1451.0,454.0,24.020824298928627,0.0,0.0
468,0903-1-ysc,0.0,word,1693715409.066491,1469.0,455.0,18.027756377319946,0.0,0.0
469,0903-1-ysc,0.0,word,1693715409.098206,1481.0,456.0,12.041594578792296,0.0,0.0
470,0903-1-ysc,0.0,word,1693715409.1301618,1447.0,455.0,34.0147027033899,0.0,0.0
471,0903-1-ysc,0.0,word,1693715409.1623693,1332.0,462.0,115.2128465059344,0.0,0.0
472,0903-1-ysc,0.0,word,1693715409.178616,951.0,497.0,382.6042341637113,0.0,0.0
473,0903-1-ysc,0.0,word,1693715409.210853,673.0,524.0,279.30807363912703,0.0,0.0
474,0903-1-ysc,0.0,word,1693715409.2425997,543.0,532.0,130.24592124131948,0.0,0.0
475,0903-1-ysc,0.0,word,1693715409.274059,488.0,535.0,55.08175741568164,0.0,0.0
476,0903-1-ysc,0.0,word,1693715409.3063314,461.0,537.0,27.073972741361768,0.0,0.0
477,0903-1-ysc,0.0,word,1693715409.3386867,448.0,538.0,13.038404810405298,0.0,0.0
478,0903-1-ysc,0.0,word,1693715409.3709838,440.0,541.0,8.54400374531753,0.0,0.0
479,0903-1-ysc,0.0,word,1693715409.4021933,423.0,538.0,17.26267650163207,0.0,0.0
480,0903-1-ysc,0.0,word,1693715409.4344835,409.0,533.0,14.866068747318506,0.0,0.0
481,0903-1-ysc,0.0,word,1693715409.4503927,398.0,532.0,11.045361017187261,0.0,0.0
482,0903-1-ysc,0.0,word,1693715409.4826167,393.0,531.0,5.0990195135927845,0.0,0.0
483,0903-1-ysc,0.0,word,1693715409.514905,390.0,531.0,3.0,0.0,0.0
484,0903-1-ysc,0.0,word,1693715409.5463762,411.0,528.0,21.213203435596427,0.0,0.0
485,0903-1-ysc,0.0,word,1693715409.578472,429.0,527.0,18.027756377319946,0.0,0.0
486,0903-1-ysc,0.0,word,1693715409.6107225,472.0,522.0,43.289721643826724,0.0,0.0
487,0903-1-ysc,0.0,word,1693715409.6428974,524.0,519.0,52.08646657242167,0.0,0.0
488,0903-1-ysc,0.0,word,1693715409.6749027,569.0,517.0,45.044422518220834,0.0,0.0
489,0903-1-ysc,0.0,word,1693715409.7065372,600.0,516.0,31.016124838541646,0.0,0.0
490,0903-1-ysc,0.0,word,1693715409.7228005,622.0,517.0,22.02271554554524,0.0,0.0
491,0903-1-ysc,0.0,word,1693715409.7543561,662.0,510.0,40.607881008493905,0.0,0.0
492,0903-1-ysc,0.0,word,1693715409.7865818,704.0,503.0,42.579337712087536,0.0,0.0
493,0903-1-ysc,0.0,word,1693715409.81813,732.0,499.0,28.284271247461902,0.0,0.0
494,0903-1-ysc,0.0,word,1693715409.8504453,752.0,499.0,20.0,0.0,0.0
495,0903-1-ysc,0.0,word,1693715409.8821092,766.0,500.0,14.035668847618199,0.0,0.0
496,0903-1-ysc,0.0,word,1693715409.9141655,776.0,500.0,10.0,0.0,0.0
497,0903-1-ysc,0.0,word,1693715409.9465756,781.0,501.0,5.0990195135927845,0.0,0.0
498,0903-1-ysc,0.0,word,1693715409.9780939,786.0,503.0,5.385164807134504,0.0,0.0
499,0903-1-ysc,0.0,word,1693715409.9940934,788.0,504.0,2.23606797749979,0.0,0.0
500,0903-1-ysc,0.0,word,1693715410.02635,790.0,506.0,2.8284271247461903,0.0,0.0
501,0903-1-ysc,0.0,word,1693715410.0587344,791.0,507.0,1.4142135623730951,0.0,0.0
502,0903-1-ysc,0.0,word,1693715410.0900123,792.0,509.0,2.23606797749979,0.0,0.0
503,0903-1-ysc,0.0,word,1693715410.1222122,792.0,510.0,1.0,0.0,0.0
504,0903-1-ysc,0.0,word,1693715410.1545968,786.0,509.0,6.082762530298219,0.0,0.0
505,0903-1-ysc,0.0,word,1693715410.1867492,774.0,509.0,12.0,0.0,0.0
506,0903-1-ysc,0.0,word,1693715410.2181208,751.0,509.0,23.0,0.0,0.0
507,0903-1-ysc,0.0,word,1693715410.2501607,726.0,506.0,25.179356624028344,0.0,0.0
508,0903-1-ysc,0.0,word,1693715410.2660708,701.0,505.0,25.019992006393608,0.0,0.0
509,0903-1-ysc,0.0,word,1693715410.2985148,663.0,507.0,38.05259518088089,0.0,0.0
510,0903-1-ysc,0.0,word,1693715410.3308299,623.0,510.0,40.11234224026316,0.0,0.0
511,0903-1-ysc,0.0,word,1693715410.3629704,594.0,513.0,29.154759474226502,0.0,0.0
512,0903-1-ysc,0.0,word,1693715410.3943286,573.0,513.0,21.0,0.0,0.0
513,0903-1-ysc,0.0,word,1693715410.4267383,560.0,513.0,13.0,0.0,0.0
514,0903-1-ysc,0.0,word,1693715410.4581873,551.0,511.0,9.219544457292887,0.0,0.0
515,0903-1-ysc,0.0,word,1693715410.490248,543.0,511.0,8.0,0.0,0.0
516,0903-1-ysc,0.0,word,1693715410.5227249,537.0,510.0,6.082762530298219,0.0,0.0
517,0903-1-ysc,0.0,word,1693715410.5388978,533.0,510.0,4.0,0.0,0.0
518,0903-1-ysc,0.0,word,1693715410.5701747,531.0,510.0,2.0,0.0,0.0
519,0903-1-ysc,0.0,word,1693715410.6028712,529.0,510.0,2.0,0.0,0.0
520,0903-1-ysc,0.0,word,1693715410.6339936,528.0,509.0,1.4142135623730951,0.0,0.0
521,0903-1-ysc,0.0,word,1693715410.6663373,527.0,508.0,1.4142135623730951,0.0,0.0
522,0903-1-ysc,0.0,word,1693715410.6989179,526.0,508.0,1.0,0.0,0.0
523,0903-1-ysc,0.0,word,1693715410.7301984,525.0,508.0,1.0,0.0,0.0
524,0903-1-ysc,0.0,word,1693715410.7622693,525.0,509.0,1.0,0.0,0.0
525,0903-1-ysc,0.0,word,1693715410.7945464,525.0,510.0,1.0,0.0,0.0
526,0903-1-ysc,0.0,word,1693715410.810962,524.0,511.0,1.4142135623730951,0.0,0.0
527,0903-1-ysc,0.0,word,1693715410.841996,523.0,511.0,1.0,0.0,0.0
528,0903-1-ysc,0.0,word,1693715410.874221,525.0,511.0,2.0,0.0,0.0
529,0903-1-ysc,0.0,word,1693715410.9063847,527.0,511.0,2.0,0.0,0.0
530,0903-1-ysc,0.0,word,1693715410.93836,532.0,511.0,5.0,0.0,0.0
531,0903-1-ysc,0.0,word,1693715410.970379,538.0,512.0,6.082762530298219,0.0,0.0
532,0903-1-ysc,0.0,word,1693715411.00251,544.0,512.0,6.0,0.0,0.0
533,0903-1-ysc,0.0,word,1693715411.0347807,551.0,512.0,7.0,0.0,0.0
534,0903-1-ysc,0.0,word,1693715411.0661712,574.0,511.0,23.021728866442675,0.0,0.0
535,0903-1-ysc,0.0,word,1693715411.0821953,619.0,511.0,45.0,0.0,0.0
536,0903-1-ysc,0.0,word,1693715411.1145086,662.0,512.0,43.01162633521314,0.0,0.0
537,0903-1-ysc,0.0,word,1693715411.1464372,696.0,512.0,34.0,0.0,0.0
538,0903-1-ysc,0.0,word,1693715411.1787655,720.0,512.0,24.0,0.0,0.0
539,0903-1-ysc,0.0,word,1693715411.2100048,736.0,512.0,16.0,0.0,0.0
540,0903-1-ysc,0.0,word,1693715411.242305,747.0,513.0,11.045361017187261,0.0,0.0
541,0903-1-ysc,0.0,word,1693715411.2745962,754.0,514.0,7.0710678118654755,0.0,0.0
542,0903-1-ysc,0.0,word,1693715411.306912,761.0,513.0,7.0710678118654755,0.0,0.0
543,0903-1-ysc,0.0,word,1693715411.3382707,765.0,512.0,4.123105625617661,0.0,0.0
544,0903-1-ysc,0.0,word,1693715411.3541834,766.0,512.0,1.0,0.0,0.0
545,0903-1-ysc,0.0,word,1693715411.3867123,764.0,513.0,2.23606797749979,0.0,0.0
546,0903-1-ysc,0.0,word,1693715411.4187787,750.0,518.0,14.866068747318506,0.0,0.0
547,0903-1-ysc,0.0,word,1693715411.4510536,728.0,525.0,23.08679276123039,0.0,0.0
548,0903-1-ysc,0.0,word,1693715411.4821837,697.0,536.0,32.89376840679705,0.0,0.0
549,0903-1-ysc,0.0,word,1693715411.514491,667.0,547.0,31.953090617340916,0.0,0.0
550,0903-1-ysc,0.0,word,1693715411.5466442,644.0,557.0,25.079872407968907,0.0,0.0
551,0903-1-ysc,0.0,word,1693715411.578971,625.0,566.0,21.02379604162864,0.0,0.0
552,0903-1-ysc,0.0,word,1693715411.5948794,611.0,570.0,14.560219778561036,0.0,0.0
553,0903-1-ysc,0.0,word,1693715411.6259892,600.0,574.0,11.704699910719626,0.0,0.0
554,0903-1-ysc,0.0,word,1693715411.6584659,593.0,579.0,8.602325267042627,0.0,0.0
555,0903-1-ysc,0.0,word,1693715411.690514,594.0,581.0,2.23606797749979,0.0,0.0
556,0903-1-ysc,0.0,word,1693715411.7227817,622.0,582.0,28.0178514522438,0.0,0.0
557,0903-1-ysc,0.0,word,1693715411.7544827,658.0,584.0,36.05551275463989,0.0,0.0
558,0903-1-ysc,0.0,word,1693715411.7866287,703.0,586.0,45.044422518220834,0.0,0.0
559,0903-1-ysc,0.0,word,1693715411.818056,744.0,587.0,41.012193308819754,0.0,0.0
560,0903-1-ysc,0.0,word,1693715411.8504107,776.0,590.0,32.14031735997639,0.0,0.0
561,0903-1-ysc,0.0,word,1693715411.8819957,801.0,593.0,25.179356624028344,0.0,0.0
562,0903-1-ysc,0.0,word,1693715411.898029,834.0,596.0,33.13608305156178,0.0,0.0
563,0903-1-ysc,0.0,word,1693715411.9301965,892.0,597.0,58.008620049092706,0.0,0.0
564,0903-1-ysc,0.0,word,1693715411.9621634,946.0,596.0,54.00925846556311,0.0,0.0
565,0903-1-ysc,0.0,word,1693715411.9946356,980.0,597.0,34.0147027033899,0.0,0.0
566,0903-1-ysc,0.0,word,1693715412.02678,1003.0,599.0,23.08679276123039,0.0,0.0
567,0903-1-ysc,0.0,word,1693715412.0582552,1017.0,602.0,14.317821063276353,0.0,0.0
568,0903-1-ysc,0.0,word,1693715412.0905197,1027.0,603.0,10.04987562112089,0.0,0.0
569,0903-1-ysc,0.0,word,1693715412.1227221,1073.0,606.0,46.09772228646444,0.0,0.0
570,0903-1-ysc,0.0,word,1693715412.1548727,1142.0,606.0,69.0,0.0,0.0
571,0903-1-ysc,0.0,word,1693715412.1700068,1192.0,607.0,50.00999900019995,0.0,0.0
572,0903-1-ysc,0.0,word,1693715412.2021644,1224.0,605.0,32.0624390837628,0.0,0.0
573,0903-1-ysc,0.0,word,1693715412.2344275,1243.0,602.0,19.235384061671343,0.0,0.0
574,0903-1-ysc,0.0,word,1693715412.2666798,1256.0,602.0,13.0,0.0,0.0
575,0903-1-ysc,0.0,word,1693715412.2982173,1266.0,603.0,10.04987562112089,0.0,0.0
576,0903-1-ysc,0.0,word,1693715412.3303967,1272.0,604.0,6.082762530298219,0.0,0.0
577,0903-1-ysc,0.0,word,1693715412.3625705,1282.0,603.0,10.04987562112089,0.0,0.0
578,0903-1-ysc,0.0,word,1693715412.3940916,1293.0,602.0,11.045361017187261,0.0,0.0
579,0903-1-ysc,0.0,word,1693715412.426118,1300.0,601.0,7.0710678118654755,0.0,0.0
580,0903-1-ysc,0.0,word,1693715412.4425502,1306.0,601.0,6.0,0.0,0.0
581,0903-1-ysc,0.0,word,1693715412.474011,1300.0,592.0,10.816653826391969,0.0,0.0
582,0903-1-ysc,0.0,word,1693715412.5065067,1238.0,545.0,77.80102827083971,0.0,0.0
583,0903-1-ysc,0.0,word,1693715412.538647,1084.0,448.0,182.00274723201295,0.0,0.0
584,0903-1-ysc,0.0,word,1693715412.57092,962.0,373.0,143.20963654726592,0.0,0.0
585,0903-1-ysc,0.0,word,1693715412.602518,891.0,329.0,83.52843827104634,0.0,0.0
586,0903-1-ysc,0.0,word,1693715412.6346037,855.0,309.0,41.182520563948,0.0,0.0
587,0903-1-ysc,0.0,word,1693715412.666889,836.0,300.0,21.02379604162864,0.0,0.0
588,0903-1-ysc,0.0,word,1693715412.6980493,804.0,285.0,35.34119409414458,0.0,0.0
589,0903-1-ysc,0.0,word,1693715412.7143471,771.0,271.0,35.84689665786984,0.0,0.0
590,0903-1-ysc,0.0,word,1693715412.7461832,753.0,264.0,19.313207915827967,0.0,0.0
591,0903-1-ysc,0.0,word,1693715412.778937,743.0,260.0,10.770329614269007,0.0,0.0
592,0903-1-ysc,0.0,word,1693715412.810975,736.0,257.0,7.615773105863909,0.0,0.0
593,0903-1-ysc,0.0,word,1693715412.8423493,731.0,252.0,7.0710678118654755,0.0,0.0
594,0903-1-ysc,0.0,word,1693715412.8744733,727.0,251.0,4.123105625617661,0.0,0.0
595,0903-1-ysc,0.0,word,1693715412.906934,725.0,250.0,2.23606797749979,0.0,0.0
596,0903-1-ysc,0.0,word,1693715412.9380398,724.0,248.0,2.23606797749979,0.0,0.0
597,0903-1-ysc,0.0,word,1693715412.9704356,723.0,246.0,2.23606797749979,0.0,0.0
598,0903-1-ysc,0.0,word,1693715412.9863348,723.0,247.0,1.0,0.0,0.0
599,0903-1-ysc,0.0,word,1693715413.0184245,752.0,246.0,29.017236257093817,0.0,0.0
600,0903-1-ysc,0.0,word,1693715413.050567,831.0,245.0,79.00632886041473,0.0,0.0
601,0903-1-ysc,0.0,word,1693715413.0828226,919.0,242.0,88.05112151472007,0.0,0.0
602,0903-1-ysc,0.0,word,1693715413.114052,988.0,238.0,69.1158447825099,0.0,0.0
603,0903-1-ysc,0.0,word,1693715413.1460235,1031.0,235.0,43.104524124504614,0.0,0.0
604,0903-1-ysc,0.0,word,1693715413.178127,1058.0,235.0,27.0,0.0,0.0
605,0903-1-ysc,0.0,word,1693715413.2105913,1077.0,235.0,19.0,0.0,0.0
606,0903-1-ysc,0.0,word,1693715413.226075,1089.0,236.0,12.041594578792296,0.0,0.0
607,0903-1-ysc,0.0,word,1693715413.2740748,1096.0,236.0,7.0,0.0,0.0
608,0903-1-ysc,0.0,word,1693715413.2901018,1101.0,235.0,5.0990195135927845,0.0,0.0
609,0903-1-ysc,0.0,word,1693715413.322102,1104.0,233.0,3.605551275463989,0.0,0.0
610,0903-1-ysc,0.0,word,1693715413.3542416,1106.0,234.0,2.23606797749979,0.0,0.0
611,0903-1-ysc,0.0,word,1693715413.386248,1108.0,234.0,2.0,0.0,0.0
612,0903-1-ysc,0.0,word,1693715413.418273,1110.0,235.0,2.23606797749979,0.0,0.0
613,0903-1-ysc,0.0,word,1693715413.4507084,1112.0,235.0,2.0,0.0,0.0
614,0903-1-ysc,0.0,word,1693715413.4823287,1112.0,235.0,0.0,0.0,0.0
615,0903-1-ysc,0.0,word,1693715413.49831,1111.0,235.0,1.0,0.0,0.0
616,0903-1-ysc,0.0,word,1693715413.5306044,1109.0,235.0,2.0,0.0,0.0
617,0903-1-ysc,0.0,word,1693715413.5627646,1108.0,236.0,1.4142135623730951,0.0,0.0
618,0903-1-ysc,0.0,word,1693715413.5947568,1107.0,236.0,1.0,0.0,0.0
619,0903-1-ysc,0.0,word,1693715413.6268985,1106.0,236.0,1.0,0.0,0.0
620,0903-1-ysc,0.0,word,1693715413.6583285,1107.0,236.0,1.0,0.0,0.0
621,0903-1-ysc,0.0,word,1693715413.6907668,1112.0,237.0,5.0990195135927845,0.0,0.0
622,0903-1-ysc,0.0,word,1693715413.7221663,1119.0,238.0,7.0710678118654755,0.0,0.0
623,0903-1-ysc,0.0,word,1693715413.7541003,1127.0,239.0,8.06225774829855,0.0,0.0
624,0903-1-ysc,0.0,word,1693715413.7701094,1134.0,241.0,7.280109889280518,0.0,0.0
625,0903-1-ysc,0.0,word,1693715413.802219,1140.0,243.0,6.324555320336759,0.0,0.0
626,0903-1-ysc,0.0,word,1693715413.834811,1141.0,243.0,1.0,0.0,0.0
627,0903-1-ysc,0.0,word,1693715413.8668456,1137.0,243.0,4.0,0.0,0.0
628,0903-1-ysc,0.0,word,1693715413.8984425,1135.0,243.0,2.0,0.0,0.0
629,0903-1-ysc,0.0,word,1693715413.9305828,1138.0,243.0,3.0,0.0,0.0
630,0903-1-ysc,0.0,word,1693715413.9621975,1180.0,244.0,42.01190307520001,0.0,0.0
631,0903-1-ysc,0.0,word,1693715413.9942453,1253.0,248.0,73.10950690573696,0.0,0.0
632,0903-1-ysc,0.0,word,1693715414.0265744,1316.0,252.0,63.12685640834652,0.0,0.0
633,0903-1-ysc,0.0,word,1693715414.042689,1360.0,254.0,44.04543109109048,0.0,0.0
634,0903-1-ysc,0.0,word,1693715414.0739906,1387.0,255.0,27.018512172212592,0.0,0.0
635,0903-1-ysc,0.0,word,1693715414.106175,1403.0,257.0,16.1245154965971,0.0,0.0
636,0903-1-ysc,0.0,word,1693715414.1389008,1415.0,259.0,12.165525060596439,0.0,0.0
637,0903-1-ysc,0.0,word,1693715414.170357,1422.0,261.0,7.280109889280518,0.0,0.0
638,0903-1-ysc,0.0,word,1693715414.2029295,1427.0,262.0,5.0990195135927845,0.0,0.0
639,0903-1-ysc,0.0,word,1693715414.234063,1430.0,264.0,3.605551275463989,0.0,0.0
640,0903-1-ysc,0.0,word,1693715414.2664924,1425.0,263.0,5.0990195135927845,0.0,0.0
641,0903-1-ysc,0.0,word,1693715414.298038,1420.0,262.0,5.0990195135927845,0.0,0.0
642,0903-1-ysc,0.0,word,1693715414.3150377,1418.0,261.0,2.23606797749979,0.0,0.0
643,0903-1-ysc,0.0,word,1693715414.3469236,1416.0,260.0,2.23606797749979,0.0,0.0
644,0903-1-ysc,0.0,word,1693715414.378364,1414.0,260.0,2.0,0.0,0.0
645,0903-1-ysc,0.0,word,1693715414.4105978,1413.0,259.0,1.4142135623730951,0.0,0.0
646,0903-1-ysc,0.0,word,1693715414.442629,1412.0,259.0,1.0,0.0,0.0
647,0903-1-ysc,0.0,word,1693715414.4750104,1411.0,258.0,1.4142135623730951,0.0,0.0
648,0903-1-ysc,0.0,word,1693715414.5069196,1409.0,257.0,2.23606797749979,0.0,0.0
649,0903-1-ysc,0.0,word,1693715414.538447,1408.0,257.0,1.0,0.0,0.0
650,0903-1-ysc,0.0,word,1693715414.5706322,1407.0,256.0,1.4142135623730951,0.0,0.0
651,0903-1-ysc,0.0,word,1693715414.586538,1406.0,256.0,1.0,0.0,0.0
652,0903-1-ysc,0.0,word,1693715414.6180117,1405.0,255.0,1.4142135623730951,0.0,0.0
653,0903-1-ysc,0.0,word,1693715414.6505077,1404.0,255.0,1.0,0.0,0.0
654,0903-1-ysc,0.0,word,1693715414.682502,1403.0,254.0,1.4142135623730951,0.0,0.0
655,0903-1-ysc,0.0,word,1693715414.714573,1402.0,254.0,1.0,0.0,0.0
656,0903-1-ysc,0.0,word,1693715414.7463586,1401.0,254.0,1.0,0.0,0.0
657,0903-1-ysc,0.0,word,1693715414.7786245,1400.0,254.0,1.0,0.0,0.0
658,0903-1-ysc,0.0,word,1693715414.8100393,1403.0,255.0,3.1622776601683795,0.0,0.0
659,0903-1-ysc,0.0,word,1693715414.8420718,1409.0,255.0,6.0,0.0,0.0
660,0903-1-ysc,0.0,word,1693715414.8582928,1418.0,256.0,9.055385138137417,0.0,0.0
661,0903-1-ysc,0.0,word,1693715414.8904395,1428.0,258.0,10.198039027185569,0.0,0.0
662,0903-1-ysc,0.0,word,1693715414.9225478,1438.0,259.0,10.04987562112089,0.0,0.0
663,0903-1-ysc,0.0,word,1693715414.9540231,1446.0,261.0,8.246211251235321,0.0,0.0
664,0903-1-ysc,0.0,word,1693715414.9860713,1435.0,262.0,11.045361017187261,0.0,0.0
665,0903-1-ysc,0.0,word,1693715415.0185668,1351.0,264.0,84.02380615040002,0.0,0.0
666,0903-1-ysc,0.0,word,1693715415.050701,1001.0,297.0,351.55227207344285,0.0,0.0
667,0903-1-ysc,0.0,word,1693715415.0827792,709.0,326.0,293.43653487594213,0.0,0.0
668,0903-1-ysc,0.0,word,1693715415.1141312,567.0,334.0,142.22517358048822,0.0,0.0
669,0903-1-ysc,0.0,word,1693715415.1306114,505.0,336.0,62.03224967708329,0.0,0.0
670,0903-1-ysc,0.0,word,1693715415.1627755,480.0,340.0,25.317977802344327,0.0,0.0
671,0903-1-ysc,0.0,word,1693715415.194917,442.0,341.0,38.01315561749642,0.0,0.0
672,0903-1-ysc,0.0,word,1693715415.2268393,417.0,340.0,25.019992006393608,0.0,0.0
673,0903-1-ysc,0.0,word,1693715415.258088,404.0,338.0,13.152946437965905,0.0,0.0
674,0903-1-ysc,0.0,word,1693715415.2902477,397.0,335.0,7.615773105863909,0.0,0.0
675,0903-1-ysc,0.0,word,1693715415.3225124,392.0,331.0,6.4031242374328485,0.0,0.0
676,0903-1-ysc,0.0,word,1693715415.3545907,390.0,330.0,2.23606797749979,0.0,0.0
677,0903-1-ysc,0.0,word,1693715415.386601,388.0,330.0,2.0,0.0,0.0
678,0903-1-ysc,0.0,word,1693715415.402692,387.0,329.0,1.4142135623730951,0.0,0.0
679,0903-1-ysc,0.0,word,1693715415.4341977,387.0,328.0,1.0,0.0,0.0
680,0903-1-ysc,0.0,word,1693715415.4665196,386.0,328.0,1.0,0.0,0.0
681,0903-1-ysc,0.0,word,1693715415.4985068,396.0,328.0,10.0,0.0,0.0
682,0903-1-ysc,0.0,word,1693715415.5301235,410.0,327.0,14.035668847618199,0.0,0.0
683,0903-1-ysc,0.0,word,1693715415.5621877,441.0,326.0,31.016124838541646,0.0,0.0
684,0903-1-ysc,0.0,word,1693715415.594331,475.0,323.0,34.132096331752024,0.0,0.0
685,0903-1-ysc,0.0,word,1693715415.6265464,505.0,321.0,30.066592756745816,0.0,0.0
686,0903-1-ysc,0.0,word,1693715415.6588757,528.0,320.0,23.021728866442675,0.0,0.0
687,0903-1-ysc,0.0,word,1693715415.674002,545.0,319.0,17.029386365926403,0.0,0.0
688,0903-1-ysc,0.0,word,1693715415.7074602,557.0,318.0,12.041594578792296,0.0,0.0
689,0903-1-ysc,0.0,word,1693715415.7380393,566.0,317.0,9.055385138137417,0.0,0.0
690,0903-1-ysc,0.0,word,1693715415.7707608,573.0,317.0,7.0,0.0,0.0
691,0903-1-ysc,0.0,word,1693715415.8028238,577.0,317.0,4.0,0.0,0.0
692,0903-1-ysc,0.0,word,1693715415.8342328,571.0,316.0,6.082762530298219,0.0,0.0
693,0903-1-ysc,0.0,word,1693715415.8665924,565.0,315.0,6.082762530298219,0.0,0.0
694,0903-1-ysc,0.0,word,1693715415.8982575,562.0,314.0,3.1622776601683795,0.0,0.0
695,0903-1-ysc,0.0,word,1693715415.9305835,559.0,313.0,3.1622776601683795,0.0,0.0
696,0903-1-ysc,0.0,word,1693715415.9466093,557.0,312.0,2.23606797749979,0.0,0.0
697,0903-1-ysc,0.0,word,1693715415.9781184,556.0,312.0,1.0,0.0,0.0
698,0903-1-ysc,0.0,word,1693715416.0101533,554.0,312.0,2.0,0.0,0.0
699,0903-1-ysc,0.0,word,1693715416.042354,551.0,313.0,3.1622776601683795,0.0,0.0
700,0903-1-ysc,0.0,word,1693715416.0745165,549.0,313.0,2.0,0.0,0.0
701,0903-1-ysc,0.0,word,1693715416.1065245,551.0,312.0,2.23606797749979,0.0,0.0
702,0903-1-ysc,0.0,word,1693715416.1380038,553.0,313.0,2.23606797749979,0.0,0.0
703,0903-1-ysc,0.0,word,1693715416.1703064,554.0,312.0,1.4142135623730951,0.0,0.0
704,0903-1-ysc,0.0,word,1693715416.2026594,557.0,312.0,3.0,0.0,0.0
705,0903-1-ysc,0.0,word,1693715416.2187126,560.0,311.0,3.1622776601683795,0.0,0.0
706,0903-1-ysc,0.0,word,1693715416.25107,562.0,310.0,2.23606797749979,0.0,0.0
707,0903-1-ysc,0.0,word,1693715416.2822485,565.0,309.0,3.1622776601683795,0.0,0.0
708,0903-1-ysc,0.0,word,1693715416.3143914,568.0,307.0,3.605551275463989,0.0,0.0
709,0903-1-ysc,0.0,word,1693715416.3466704,571.0,306.0,3.1622776601683795,0.0,0.0
710,0903-1-ysc,0.0,word,1693715416.3780289,581.0,304.0,10.198039027185569,0.0,0.0
711,0903-1-ysc,0.0,word,1693715416.4101682,599.0,301.0,18.24828759089466,0.0,0.0
712,0903-1-ysc,0.0,word,1693715416.4424307,616.0,298.0,17.26267650163207,0.0,0.0
713,0903-1-ysc,0.0,word,1693715416.4585903,631.0,296.0,15.132745950421556,0.0,0.0
714,0903-1-ysc,0.0,word,1693715416.4906788,643.0,297.0,12.041594578792296,0.0,0.0
715,0903-1-ysc,0.0,word,1693715416.522131,652.0,298.0,9.055385138137417,0.0,0.0
716,0903-1-ysc,0.0,word,1693715416.5544362,650.0,298.0,2.0,0.0,0.0
717,0903-1-ysc,0.0,word,1693715416.5869155,641.0,300.0,9.219544457292887,0.0,0.0
718,0903-1-ysc,0.0,word,1693715416.618262,636.0,300.0,5.0,0.0,0.0
719,0903-1-ysc,0.0,word,1693715416.650374,633.0,301.0,3.1622776601683795,0.0,0.0
720,0903-1-ysc,0.0,word,1693715416.6825275,627.0,302.0,6.082762530298219,0.0,0.0
721,0903-1-ysc,0.0,word,1693715416.714747,620.0,303.0,7.0710678118654755,0.0,0.0
722,0903-1-ysc,0.0,word,1693715416.7308633,612.0,303.0,8.0,0.0,0.0
723,0903-1-ysc,0.0,word,1693715416.762761,604.0,304.0,8.06225774829855,0.0,0.0
724,0903-1-ysc,0.0,word,1693715416.7947626,598.0,305.0,6.082762530298219,0.0,0.0
725,0903-1-ysc,0.0,word,1693715416.8267937,594.0,305.0,4.0,0.0,0.0
726,0903-1-ysc,0.0,word,1693715416.858176,590.0,305.0,4.0,0.0,0.0
727,0903-1-ysc,0.0,word,1693715416.8903427,586.0,305.0,4.0,0.0,0.0
728,0903-1-ysc,0.0,word,1693715416.9226882,583.0,305.0,3.0,0.0,0.0
729,0903-1-ysc,0.0,word,1693715416.9548128,581.0,305.0,2.0,0.0,0.0
730,0903-1-ysc,0.0,word,1693715416.9861162,579.0,305.0,2.0,0.0,0.0
731,0903-1-ysc,0.0,word,1693715417.002413,577.0,304.0,2.23606797749979,0.0,0.0
732,0903-1-ysc,0.0,word,1693715417.0349176,575.0,304.0,2.0,0.0,0.0
733,0903-1-ysc,0.0,word,1693715417.0669558,573.0,303.0,2.23606797749979,0.0,0.0
734,0903-1-ysc,0.0,word,1693715417.0984476,572.0,303.0,1.0,0.0,0.0
735,0903-1-ysc,0.0,word,1693715417.1306205,574.0,303.0,2.0,0.0,0.0
736,0903-1-ysc,0.0,word,1693715417.1629136,576.0,302.0,2.23606797749979,0.0,0.0
737,0903-1-ysc,0.0,word,1693715417.1940403,578.0,302.0,2.0,0.0,0.0
738,0903-1-ysc,0.0,word,1693715417.226443,582.0,301.0,4.123105625617661,0.0,0.0
739,0903-1-ysc,0.0,word,1693715417.2584882,590.0,302.0,8.06225774829855,0.0,0.0
740,0903-1-ysc,0.0,word,1693715417.2743926,605.0,300.0,15.132745950421556,0.0,0.0
741,0903-1-ysc,0.0,word,1693715417.3065462,619.0,301.0,14.035668847618199,0.0,0.0
742,0903-1-ysc,0.0,word,1693715417.3380961,632.0,303.0,13.152946437965905,0.0,0.0
743,0903-1-ysc,0.0,word,1693715417.3701003,643.0,304.0,11.045361017187261,0.0,0.0
744,0903-1-ysc,0.0,word,1693715417.4020958,652.0,305.0,9.055385138137417,0.0,0.0
745,0903-1-ysc,0.0,word,1693715417.4342625,659.0,305.0,7.0,0.0,0.0
746,0903-1-ysc,0.0,word,1693715417.466744,664.0,305.0,5.0,0.0,0.0
747,0903-1-ysc,0.0,word,1693715417.4983106,668.0,305.0,4.0,0.0,0.0
748,0903-1-ysc,0.0,word,1693715417.5305436,672.0,304.0,4.123105625617661,0.0,0.0
749,0903-1-ysc,0.0,word,1693715417.5465784,674.0,303.0,2.23606797749979,0.0,0.0
750,0903-1-ysc,0.0,word,1693715417.578277,702.0,301.0,28.071337695236398,0.0,0.0
751,0903-1-ysc,0.0,word,1693715417.610568,764.0,298.0,62.07253821135398,0.0,0.0
752,0903-1-ysc,0.0,word,1693715417.6428373,825.0,297.0,61.00819617067857,0.0,0.0
753,0903-1-ysc,0.0,word,1693715417.6740625,870.0,297.0,45.0,0.0,0.0
754,0903-1-ysc,0.0,word,1693715417.706368,899.0,296.0,29.017236257093817,0.0,0.0
755,0903-1-ysc,0.0,word,1693715417.7387094,938.0,300.0,39.20459156782532,0.0,0.0
756,0903-1-ysc,0.0,word,1693715417.770417,1002.0,304.0,64.1248781675256,0.0,0.0
757,0903-1-ysc,0.0,word,1693715417.802613,1053.0,307.0,51.088159097779204,0.0,0.0
758,0903-1-ysc,0.0,word,1693715417.818117,1086.0,309.0,33.06055050963308,0.0,0.0
759,0903-1-ysc,0.0,word,1693715417.8505235,1106.0,311.0,20.09975124224178,0.0,0.0
760,0903-1-ysc,0.0,word,1693715417.8827124,1119.0,312.0,13.038404810405298,0.0,0.0
761,0903-1-ysc,0.0,word,1693715417.9142883,1127.0,312.0,8.0,0.0,0.0
762,0903-1-ysc,0.0,word,1693715417.946525,1131.0,312.0,4.0,0.0,0.0
763,0903-1-ysc,0.0,word,1693715417.978815,1134.0,312.0,3.0,0.0,0.0
764,0903-1-ysc,0.0,word,1693715418.0110137,1142.0,311.0,8.06225774829855,0.0,0.0
765,0903-1-ysc,0.0,word,1693715418.042929,1153.0,311.0,11.0,0.0,0.0
766,0903-1-ysc,0.0,word,1693715418.0749023,1162.0,311.0,9.0,0.0,0.0
767,0903-1-ysc,0.0,word,1693715418.090181,1169.0,310.0,7.0710678118654755,0.0,0.0
768,0903-1-ysc,0.0,word,1693715418.1224527,1174.0,310.0,5.0,0.0,0.0
769,0903-1-ysc,0.0,word,1693715418.154673,1159.0,309.0,15.033296378372908,0.0,0.0
770,0903-1-ysc,0.0,word,1693715418.1868553,1115.0,309.0,44.0,0.0,0.0
771,0903-1-ysc,0.0,word,1693715418.2179854,1017.0,309.0,98.0,0.0,0.0
772,0903-1-ysc,0.0,word,1693715418.2501078,930.0,310.0,87.00574693662483,0.0,0.0
773,0903-1-ysc,0.0,word,1693715418.2826242,869.0,308.0,61.032778078668514,0.0,0.0
774,0903-1-ysc,0.0,word,1693715418.3147438,832.0,305.0,37.12142238654117,0.0,0.0
775,0903-1-ysc,0.0,word,1693715418.346941,808.0,302.0,24.186773244895647,0.0,0.0
776,0903-1-ysc,0.0,word,1693715418.362425,795.0,302.0,13.0,0.0,0.0
777,0903-1-ysc,0.0,word,1693715418.39446,786.0,303.0,9.055385138137417,0.0,0.0
778,0903-1-ysc,0.0,word,1693715418.4269464,770.0,304.0,16.0312195418814,0.0,0.0
779,0903-1-ysc,0.0,word,1693715418.458155,752.0,305.0,18.027756377319946,0.0,0.0
780,0903-1-ysc,0.0,word,1693715418.4902287,739.0,307.0,13.152946437965905,0.0,0.0
781,0903-1-ysc,0.0,word,1693715418.5225654,729.0,308.0,10.04987562112089,0.0,0.0
782,0903-1-ysc,0.0,word,1693715418.5548835,723.0,310.0,6.324555320336759,0.0,0.0
783,0903-1-ysc,0.0,word,1693715418.5868843,718.0,312.0,5.385164807134504,0.0,0.0
784,0903-1-ysc,0.0,word,1693715418.6029088,714.0,314.0,4.47213595499958,0.0,0.0
785,0903-1-ysc,0.0,word,1693715418.634148,711.0,315.0,3.1622776601683795,0.0,0.0
786,0903-1-ysc,0.0,word,1693715418.6665273,709.0,314.0,2.23606797749979,0.0,0.0
787,0903-1-ysc,0.0,word,1693715418.6980126,708.0,318.0,4.123105625617661,0.0,0.0
788,0903-1-ysc,0.0,word,1693715418.7300823,710.0,325.0,7.280109889280518,0.0,0.0
789,0903-1-ysc,0.0,word,1693715418.7628443,711.0,334.0,9.055385138137417,0.0,0.0
790,0903-1-ysc,0.0,word,1693715418.794943,713.0,342.0,8.246211251235321,0.0,0.0
791,0903-1-ysc,0.0,word,1693715418.8261855,714.0,350.0,8.06225774829855,0.0,0.0
792,0903-1-ysc,0.0,word,1693715418.8588214,716.0,357.0,7.280109889280518,0.0,0.0
793,0903-1-ysc,0.0,word,1693715418.8747263,718.0,364.0,7.280109889280518,0.0,0.0
794,0903-1-ysc,0.0,word,1693715418.9059813,709.0,365.0,9.055385138137417,0.0,0.0
795,0903-1-ysc,0.0,word,1693715418.9381318,697.0,365.0,12.0,0.0,0.0
796,0903-1-ysc,0.0,word,1693715418.9707413,687.0,365.0,10.0,0.0,0.0
797,0903-1-ysc,0.0,word,1693715419.0029662,679.0,364.0,8.06225774829855,0.0,0.0
798,0903-1-ysc,0.0,word,1693715419.0340936,681.0,359.0,5.385164807134504,0.0,0.0
799,0903-1-ysc,0.0,word,1693715419.066397,683.0,355.0,4.47213595499958,0.0,0.0
800,0903-1-ysc,0.0,word,1693715419.0983715,685.0,353.0,2.8284271247461903,0.0,0.0
801,0903-1-ysc,0.0,word,1693715419.1303709,687.0,351.0,2.8284271247461903,0.0,0.0
802,0903-1-ysc,0.0,word,1693715419.1627746,689.0,350.0,2.23606797749979,0.0,0.0
803,0903-1-ysc,0.0,word,1693715419.1788592,691.0,348.0,2.8284271247461903,0.0,0.0
804,0903-1-ysc,0.0,word,1693715419.2101128,693.0,346.0,2.8284271247461903,0.0,0.0
805,0903-1-ysc,0.0,word,1693715419.2420661,694.0,345.0,1.4142135623730951,0.0,0.0
806,0903-1-ysc,0.0,word,1693715419.274363,696.0,343.0,2.8284271247461903,0.0,0.0
807,0903-1-ysc,0.0,word,1693715419.306634,697.0,343.0,1.0,0.0,0.0
808,0903-1-ysc,0.0,word,1693715419.3382347,698.0,342.0,1.4142135623730951,0.0,0.0
809,0903-1-ysc,0.0,word,1693715419.3703551,699.0,342.0,1.0,0.0,0.0
810,0903-1-ysc,0.0,word,1693715419.4027748,700.0,342.0,1.0,0.0,0.0
811,0903-1-ysc,0.0,word,1693715419.4341967,701.0,343.0,1.4142135623730951,0.0,0.0
812,0903-1-ysc,0.0,word,1693715419.450529,704.0,340.0,4.242640687119285,0.0,0.0
813,0903-1-ysc,0.0,word,1693715419.4822602,706.0,338.0,2.8284271247461903,0.0,0.0
814,0903-1-ysc,0.0,word,1693715419.5141857,708.0,337.0,2.23606797749979,0.0,0.0
815,0903-1-ysc,0.0,word,1693715419.5466275,709.0,336.0,1.4142135623730951,0.0,0.0
816,0903-1-ysc,0.0,word,1693715419.5787382,710.0,335.0,1.4142135623730951,0.0,0.0
817,0903-1-ysc,0.0,word,1693715419.6102202,725.0,333.0,15.132745950421556,0.0,0.0
818,0903-1-ysc,0.0,word,1693715419.6426053,778.0,329.0,53.150729063673246,0.0,0.0
819,0903-1-ysc,0.0,word,1693715419.6748757,844.0,326.0,66.06814663663572,0.0,0.0
820,0903-1-ysc,0.0,word,1693715419.7061317,895.0,323.0,51.088159097779204,0.0,0.0
821,0903-1-ysc,0.0,word,1693715419.7223065,930.0,320.0,35.12833614050059,0.0,0.0
822,0903-1-ysc,0.0,word,1693715419.754533,953.0,317.0,23.194827009486403,0.0,0.0
823,0903-1-ysc,0.0,word,1693715419.7869675,969.0,315.0,16.1245154965971,0.0,0.0
824,0903-1-ysc,0.0,word,1693715419.8186102,980.0,313.0,11.180339887498949,0.0,0.0
825,0903-1-ysc,0.0,word,1693715419.8500023,987.0,312.0,7.0710678118654755,0.0,0.0
826,0903-1-ysc,0.0,word,1693715419.8824015,1050.0,328.0,65.0,0.0,0.0
827,0903-1-ysc,0.0,word,1693715419.9145303,1159.0,357.0,112.79184367674819,0.0,0.0
828,0903-1-ysc,0.0,word,1693715419.9464629,1239.0,378.0,82.71033792700887,0.0,0.0
829,0903-1-ysc,0.0,word,1693715419.9780607,1286.0,395.0,49.9799959983992,0.0,0.0
830,0903-1-ysc,0.0,word,1693715419.9941356,1315.0,408.0,31.78049716414141,0.0,0.0
831,0903-1-ysc,0.0,word,1693715420.0264695,1329.0,420.0,18.439088914585774,0.0,0.0
832,0903-1-ysc,0.0,word,1693715420.058624,1340.0,430.0,14.866068747318506,0.0,0.0
833,0903-1-ysc,0.0,word,1693715420.090862,1363.0,445.0,27.459060435491963,0.0,0.0
834,0903-1-ysc,0.0,word,1693715420.1221101,1505.0,632.0,234.8041737278109,0.0,0.0
835,0903-1-ysc,0.0,word,1693715420.154298,1659.0,903.0,311.70017645166644,0.0,0.0
836,0903-1-ysc,0.0,word,1693715420.1865695,1735.0,1042.0,158.42032697857937,0.0,0.0
837,0903-1-ysc,0.0,word,1693715420.218684,1771.0,1105.0,72.56031973468694,0.0,0.0
838,0903-1-ysc,0.0,word,1693715420.2345874,1789.0,1129.0,30.0,0.0,0.0
839,0903-1-ysc,0.0,word,1693715420.2666128,1838.0,1176.0,67.89698078707183,0.0,0.0
840,0903-1-ysc,0.0,word,1693715420.2982016,1886.0,1212.0,60.0,0.0,0.0
841,0903-1-ysc,0.0,word,1693715420.330269,1908.0,1229.0,27.80287754891569,0.0,0.0
842,0903-1-ysc,0.0,word,1693715420.3625395,1920.0,1234.0,13.0,0.0,0.0
843,0903-1-ysc,0.0,word,1693715420.3945396,1924.0,1231.0,5.0,0.0,0.0
844,0903-1-ysc,0.0,word,1693715420.4268677,1928.0,1231.0,4.0,0.0,0.0
845,0903-1-ysc,0.0,word,1693715420.4584484,1895.0,1199.0,45.967379738244816,0.0,0.0
